 ,# Branches,# Junctions,# End-point voxels,# Junction voxels,# Slab voxels,Average Branch Length,# Triple points,# Quadruple points,Maximum Branch Length
1,1,0,2,0,8,0.107,0,0,0.107
2,1,0,2,0,0,0.010,0,0,0.010
3,1,0,2,0,1,0.021,0,0,0.021
4,1,0,2,0,0,0.010,0,0,0.010
5,1,0,2,0,0,0.010,0,0,0.010
6,1,0,2,0,4,0.056,0,0,0.056
7,1,0,2,0,1,0.025,0,0,0.025
8,1,0,2,0,0,0.010,0,0,0.010
9,1,0,2,0,3,0.050,0,0,0.050
10,3,1,3,4,10,0.067,1,0,0.140
11,1,0,2,0,4,0.069,0,0,0.069
12,1,0,2,0,1,0.021,0,0,0.021
13,1,0,2,0,10,0.136,0,0,0.136
14,1,0,2,0,2,0.036,0,0,0.036
15,1,0,2,0,1,0.021,0,0,0.021
16,1,0,2,0,1,0.025,0,0,0.025
17,1,0,2,0,1,0.029,0,0,0.029
18,1,0,2,0,14,0.178,0,0,0.178
19,0,0,1,0,0,0.000,0,0,0.000
20,0,0,1,0,0,0.000,0,0,0.000
21,0,0,1,0,0,0.000,0,0,0.000
22,3,1,3,3,27,0.127,1,0,0.196
23,1,0,2,0,0,0.010,0,0,0.010
24,0,0,1,0,0,0.000,0,0,0.000
25,5,2,4,4,19,0.065,2,0,0.147
26,1,0,2,0,0,0.010,0,0,0.010
27,1,0,2,0,0,0.015,0,0,0.015
28,0,0,1,0,0,0.000,0,0,0.000
29,1,0,2,0,1,0.021,0,0,0.021
30,0,0,1,0,0,0.000,0,0,0.000
31,3,1,3,4,3,0.036,1,0,0.061
32,1,0,2,0,1,0.025,0,0,0.025
33,1,0,2,0,0,0.010,0,0,0.010
34,1,0,2,0,1,0.025,0,0,0.025
35,1,0,2,0,1,0.021,0,0,0.021
36,0,0,1,0,0,0.000,0,0,0.000
37,1,0,2,0,1,0.029,0,0,0.029
38,1,0,2,0,1,0.021,0,0,0.021
39,0,0,1,0,0,0.000,0,0,0.000
40,1,0,2,0,0,0.010,0,0,0.010
41,5,2,4,7,50,0.141,2,0,0.517
42,1,0,2,0,4,0.065,0,0,0.065
43,1,0,2,0,2,0.040,0,0,0.040
44,1,0,2,0,0,0.015,0,0,0.015
45,1,0,2,0,0,0.010,0,0,0.010
46,1,0,2,0,4,0.052,0,0,0.052
47,1,0,2,0,0,0.015,0,0,0.015
48,1,0,2,0,0,0.010,0,0,0.010
49,1,0,2,0,0,0.010,0,0,0.010
50,1,0,2,0,4,0.061,0,0,0.061
51,1,0,2,0,0,0.015,0,0,0.015
52,1,0,2,0,0,0.010,0,0,0.010
53,1,0,2,0,1,0.021,0,0,0.021
54,1,0,2,0,2,0.036,0,0,0.036
55,1,0,2,0,0,0.010,0,0,0.010
56,1,0,2,0,1,0.025,0,0,0.025
57,1,0,2,0,1,0.029,0,0,0.029
58,1,0,2,0,0,0.010,0,0,0.010
59,1,0,2,0,0,0.010,0,0,0.010
60,1,0,2,0,0,0.015,0,0,0.015
61,1,0,2,0,0,0.015,0,0,0.015
62,1,0,2,0,1,0.025,0,0,0.025
63,1,0,2,0,0,0.015,0,0,0.015
64,1,0,2,0,2,0.031,0,0,0.031
65,1,0,2,0,1,0.021,0,0,0.021
66,1,0,2,0,0,0.010,0,0,0.010
67,1,0,2,0,0,0.015,0,0,0.015
68,0,0,1,0,0,0.000,0,0,0.000
69,6,2,5,15,68,0.168,1,1,0.366
70,1,0,2,0,6,0.094,0,0,0.094
71,1,0,2,0,0,0.010,0,0,0.010
72,1,0,2,0,0,0.015,0,0,0.015
73,0,0,1,0,0,0.000,0,0,0.000
74,1,0,2,0,1,0.021,0,0,0.021
75,1,0,2,0,0,0.010,0,0,0.010
76,1,0,2,0,1,0.025,0,0,0.025
77,1,0,2,0,0,0.010,0,0,0.010
78,1,0,2,0,0,0.010,0,0,0.010
79,1,0,2,0,5,0.080,0,0,0.080
80,1,0,2,0,0,0.010,0,0,0.010
81,1,0,2,0,2,0.036,0,0,0.036
82,40,19,18,74,224,0.098,16,2,0.321
83,1,0,2,0,1,0.021,0,0,0.021
84,1,0,2,0,1,0.025,0,0,0.025
85,1,0,2,0,0,0.010,0,0,0.010
86,1,0,2,0,0,0.015,0,0,0.015
87,0,0,1,0,0,0.000,0,0,0.000
88,1,0,2,0,2,0.036,0,0,0.036
89,1,0,2,0,4,0.061,0,0,0.061
90,1,0,2,0,0,0.010,0,0,0.010
91,0,0,1,0,0,0.000,0,0,0.000
92,1,0,2,0,3,0.050,0,0,0.050
93,1,0,2,0,0,0.010,0,0,0.010
94,1,0,2,0,1,0.025,0,0,0.025
95,1,0,2,0,2,0.040,0,0,0.040
96,1,0,2,0,10,0.149,0,0,0.149
97,6,3,3,6,39,0.095,3,0,0.265
98,1,0,2,0,1,0.021,0,0,0.021
99,1,0,2,0,2,0.031,0,0,0.031
100,1,0,2,0,1,0.025,0,0,0.025
101,1,0,2,0,11,0.155,0,0,0.155
102,1,0,2,0,0,0.010,0,0,0.010
103,1,0,2,0,0,0.010,0,0,0.010
104,1,0,2,0,1,0.025,0,0,0.025
105,1,0,2,0,20,0.258,0,0,0.258
106,1,0,2,0,0,0.010,0,0,0.010
107,0,0,1,0,0,0.000,0,0,0.000
108,3,1,3,4,20,0.099,1,0,0.221
109,1,0,2,0,0,0.010,0,0,0.010
110,1,0,2,0,4,0.065,0,0,0.065
111,0,0,1,0,0,0.000,0,0,0.000
112,0,0,1,0,0,0.000,0,0,0.000
113,3,1,3,1,9,0.057,1,0,0.111
114,3,1,3,5,17,0.092,1,0,0.128
115,1,0,2,0,6,0.077,0,0,0.077
116,1,0,2,0,15,0.197,0,0,0.197
117,1,0,2,0,9,0.117,0,0,0.117
118,1,0,2,0,0,0.010,0,0,0.010
119,3,1,3,3,5,0.042,1,0,0.065
120,1,0,2,0,3,0.050,0,0,0.050
121,1,0,2,0,2,0.031,0,0,0.031
122,1,0,2,0,1,0.029,0,0,0.029
123,1,0,2,0,0,0.010,0,0,0.010
124,1,0,2,0,1,0.021,0,0,0.021
125,0,0,1,0,0,0.000,0,0,0.000
126,1,0,2,0,0,0.010,0,0,0.010
127,0,0,1,0,0,0.000,0,0,0.000
128,0,0,1,0,0,0.000,0,0,0.000
129,3,1,3,4,16,0.088,1,0,0.115
130,9,5,4,21,90,0.151,4,0,0.318
131,1,0,2,0,13,0.154,0,0,0.154
132,1,0,2,0,1,0.025,0,0,0.025
133,1,0,2,0,0,0.010,0,0,0.010
134,0,0,1,0,0,0.000,0,0,0.000
135,0,0,1,0,0,0.000,0,0,0.000
136,1,0,2,0,1,0.025,0,0,0.025
137,1,0,2,0,1,0.029,0,0,0.029
138,1,0,2,0,1,0.025,0,0,0.025
139,1,0,2,0,1,0.025,0,0,0.025
140,1,0,2,0,4,0.061,0,0,0.061
141,1,0,2,0,1,0.029,0,0,0.029
142,3,1,3,1,11,0.056,1,0,0.071
143,1,0,2,0,0,0.010,0,0,0.010
144,1,0,2,0,6,0.090,0,0,0.090
145,0,0,1,0,0,0.000,0,0,0.000
146,1,0,2,0,0,0.015,0,0,0.015
147,0,0,1,0,0,0.000,0,0,0.000
148,1,0,2,0,0,0.010,0,0,0.010
149,1,0,2,0,2,0.044,0,0,0.044
150,1,0,2,0,4,0.056,0,0,0.056
151,1,0,2,0,0,0.015,0,0,0.015
152,1,0,2,0,13,0.185,0,0,0.185
153,1,0,2,0,1,0.025,0,0,0.025
154,0,0,1,0,0,0.000,0,0,0.000
155,1,0,2,0,1,0.029,0,0,0.029
156,1,0,2,0,3,0.050,0,0,0.050
157,1,0,2,0,3,0.050,0,0,0.050
158,1,0,2,0,4,0.061,0,0,0.061
159,1,0,2,0,0,0.015,0,0,0.015
160,1,0,2,0,4,0.052,0,0,0.052
161,1,0,2,0,3,0.055,0,0,0.055
162,0,0,1,0,0,0.000,0,0,0.000
163,1,0,2,0,1,0.021,0,0,0.021
164,1,0,2,0,4,0.061,0,0,0.061
165,1,0,2,0,1,0.021,0,0,0.021
166,1,0,2,0,1,0.029,0,0,0.029
167,1,0,2,0,0,0.010,0,0,0.010
168,0,0,1,0,0,0.000,0,0,0.000
169,0,0,1,0,0,0.000,0,0,0.000
170,1,0,2,0,7,0.092,0,0,0.092
171,1,0,2,0,0,0.010,0,0,0.010
172,1,0,2,0,3,0.042,0,0,0.042
173,1,0,2,0,6,0.086,0,0,0.086
174,0,0,1,0,0,0.000,0,0,0.000
175,1,0,2,0,0,0.010,0,0,0.010
176,1,0,2,0,5,0.080,0,0,0.080
177,1,0,2,0,6,0.077,0,0,0.077
178,1,0,2,0,1,0.025,0,0,0.025
179,1,0,2,0,1,0.021,0,0,0.021
180,1,0,2,0,1,0.021,0,0,0.021
181,0,0,1,0,0,0.000,0,0,0.000
182,1,0,2,0,11,0.138,0,0,0.138
183,0,0,1,0,0,0.000,0,0,0.000
184,1,0,2,0,0,0.010,0,0,0.010
185,1,0,2,0,4,0.061,0,0,0.061
186,1,0,2,0,0,0.015,0,0,0.015
187,0,0,1,0,0,0.000,0,0,0.000
188,1,0,2,0,1,0.025,0,0,0.025
189,1,0,2,0,0,0.015,0,0,0.015
190,1,0,2,0,1,0.025,0,0,0.025
191,0,0,1,0,0,0.000,0,0,0.000
192,4,1,4,5,10,0.056,0,1,0.069
193,1,0,2,0,0,0.015,0,0,0.015
194,0,0,1,0,0,0.000,0,0,0.000
195,3,1,3,3,13,0.070,1,0,0.077
196,0,0,1,0,0,0.000,0,0,0.000
197,0,0,1,0,0,0.000,0,0,0.000
198,0,0,1,0,0,0.000,0,0,0.000
199,0,0,1,0,0,0.000,0,0,0.000
200,1,0,2,0,2,0.040,0,0,0.040
201,1,0,2,0,2,0.040,0,0,0.040
202,1,0,2,0,0,0.010,0,0,0.010
203,1,0,2,0,0,0.010,0,0,0.010
204,1,0,2,0,1,0.025,0,0,0.025
205,1,0,2,0,4,0.061,0,0,0.061
206,3,1,3,4,13,0.073,1,0,0.161
207,1,0,2,0,9,0.117,0,0,0.117
208,1,0,2,0,0,0.015,0,0,0.015
209,1,0,2,0,2,0.036,0,0,0.036
210,1,0,2,0,2,0.040,0,0,0.040
211,0,0,1,0,0,0.000,0,0,0.000
212,1,0,2,0,0,0.010,0,0,0.010
213,15,8,6,24,66,0.078,8,0,0.194
214,1,0,2,0,2,0.036,0,0,0.036
215,3,1,3,3,4,0.034,1,0,0.050
216,1,0,2,0,0,0.010,0,0,0.010
217,0,0,1,0,0,0.000,0,0,0.000
218,0,0,1,0,0,0.000,0,0,0.000
219,1,0,2,0,8,0.120,0,0,0.120
220,3,1,3,3,19,0.095,1,0,0.132
221,0,0,1,0,0,0.000,0,0,0.000
222,1,0,2,0,0,0.010,0,0,0.010
223,1,0,2,0,8,0.102,0,0,0.102
224,1,0,2,0,2,0.040,0,0,0.040
225,1,0,2,0,2,0.031,0,0,0.031
226,1,0,2,0,15,0.175,0,0,0.175
227,1,0,2,0,0,0.015,0,0,0.015
228,0,0,1,0,0,0.000,0,0,0.000
229,1,0,2,0,6,0.086,0,0,0.086
230,1,0,2,0,0,0.010,0,0,0.010
231,1,0,2,0,2,0.036,0,0,0.036
232,0,0,1,0,0,0.000,0,0,0.000
233,1,0,2,0,0,0.010,0,0,0.010
234,1,0,2,0,0,0.015,0,0,0.015
235,1,0,2,0,7,0.096,0,0,0.096
236,1,0,2,0,0,0.015,0,0,0.015
237,1,0,2,0,5,0.080,0,0,0.080
238,1,0,2,0,0,0.010,0,0,0.010
239,1,0,2,0,1,0.021,0,0,0.021
240,1,0,2,0,1,0.025,0,0,0.025
241,1,0,2,0,0,0.010,0,0,0.010
242,1,0,2,0,2,0.044,0,0,0.044
243,0,0,1,0,0,0.000,0,0,0.000
244,1,0,2,0,4,0.056,0,0,0.056
245,1,0,2,0,0,0.010,0,0,0.010
246,1,0,2,0,1,0.021,0,0,0.021
247,1,0,2,0,0,0.010,0,0,0.010
248,0,0,1,0,0,0.000,0,0,0.000
249,1,0,2,0,0,0.010,0,0,0.010
250,1,0,2,0,1,0.029,0,0,0.029
251,1,0,2,0,1,0.025,0,0,0.025
252,1,0,2,0,2,0.036,0,0,0.036
253,18,8,7,39,143,0.135,5,2,0.310
254,0,0,1,0,0,0.000,0,0,0.000
255,1,0,2,0,1,0.021,0,0,0.021
256,1,0,2,0,0,0.010,0,0,0.010
257,1,0,2,0,0,0.010,0,0,0.010
258,1,0,2,0,7,0.088,0,0,0.088
259,1,0,2,0,3,0.050,0,0,0.050
260,0,0,1,0,0,0.000,0,0,0.000
261,3,1,3,3,5,0.039,1,0,0.055
262,1,0,2,0,5,0.080,0,0,0.080
263,1,0,2,0,5,0.075,0,0,0.075
264,0,0,1,0,0,0.000,0,0,0.000
265,5,2,3,5,7,0.039,1,1,0.075
266,1,0,2,0,0,0.010,0,0,0.010
267,0,0,1,0,0,0.000,0,0,0.000
268,0,0,1,0,0,0.000,0,0,0.000
269,0,0,1,0,0,0.000,0,0,0.000
270,0,0,1,0,0,0.000,0,0,0.000
271,1,0,2,0,0,0.015,0,0,0.015
272,1,0,2,0,1,0.029,0,0,0.029
273,1,0,2,0,3,0.046,0,0,0.046
274,0,0,1,0,0,0.000,0,0,0.000
275,1,0,2,0,7,0.092,0,0,0.092
276,0,0,1,0,0,0.000,0,0,0.000
277,0,0,1,0,0,0.000,0,0,0.000
278,1,0,2,0,3,0.050,0,0,0.050
279,0,0,1,0,0,0.000,0,0,0.000
280,1,0,2,0,1,0.021,0,0,0.021
281,1,0,2,0,1,0.021,0,0,0.021
282,3,1,3,3,5,0.042,1,0,0.050
283,1,0,2,0,0,0.015,0,0,0.015
284,1,0,2,0,0,0.010,0,0,0.010
285,0,0,1,0,0,0.000,0,0,0.000
286,1,0,2,0,1,0.025,0,0,0.025
287,1,0,2,0,0,0.015,0,0,0.015
288,1,0,2,0,0,0.015,0,0,0.015
289,1,0,2,0,0,0.010,0,0,0.010
290,1,0,2,0,16,0.220,0,0,0.220
291,3,1,3,5,16,0.091,1,0,0.161
292,1,0,2,0,2,0.040,0,0,0.040
293,3,1,3,4,8,0.054,1,0,0.071
294,12,5,7,21,59,0.090,4,0,0.163
295,1,0,2,0,0,0.010,0,0,0.010
296,0,0,1,0,0,0.000,0,0,0.000
297,1,0,2,0,0,0.010,0,0,0.010
298,1,0,2,0,10,0.132,0,0,0.132
299,1,0,2,0,1,0.025,0,0,0.025
300,1,0,2,0,2,0.031,0,0,0.031
301,1,0,2,0,0,0.015,0,0,0.015
302,5,2,4,5,10,0.041,2,0,0.067
303,1,0,2,0,5,0.071,0,0,0.071
304,1,0,2,0,0,0.015,0,0,0.015
305,1,0,2,0,0,0.015,0,0,0.015
306,1,0,2,0,4,0.065,0,0,0.065
307,3,1,3,4,0,0.024,1,0,0.031
308,1,0,2,0,2,0.036,0,0,0.036
309,1,0,2,0,0,0.010,0,0,0.010
310,1,0,2,0,2,0.040,0,0,0.040
311,1,0,2,0,0,0.010,0,0,0.010
312,1,0,2,0,0,0.010,0,0,0.010
313,1,0,2,0,6,0.090,0,0,0.090
314,1,0,2,0,2,0.036,0,0,0.036
315,1,0,2,0,4,0.065,0,0,0.065
316,1,0,2,0,0,0.015,0,0,0.015
317,1,0,2,0,1,0.025,0,0,0.025
318,1,0,2,0,3,0.050,0,0,0.050
319,18,9,10,39,68,0.074,8,0,0.178
320,9,4,6,11,31,0.066,4,0,0.166
321,1,0,2,0,2,0.040,0,0,0.040
322,1,0,2,0,0,0.015,0,0,0.015
323,1,0,2,0,4,0.056,0,0,0.056
324,1,0,2,0,0,0.015,0,0,0.015
325,1,0,2,0,1,0.021,0,0,0.021
326,7,3,4,11,31,0.084,2,1,0.124
327,0,0,1,0,0,0.000,0,0,0.000
328,1,0,2,0,1,0.021,0,0,0.021
329,1,0,2,0,0,0.010,0,0,0.010
330,3,1,3,3,12,0.069,1,0,0.113
331,0,0,1,0,0,0.000,0,0,0.000
332,1,0,2,0,0,0.010,0,0,0.010
333,1,0,2,0,0,0.010,0,0,0.010
334,1,0,2,0,8,0.115,0,0,0.115
335,1,0,2,0,5,0.075,0,0,0.075
336,0,0,1,0,0,0.000,0,0,0.000
337,1,0,2,0,4,0.065,0,0,0.065
338,1,0,2,0,1,0.021,0,0,0.021
339,1,0,2,0,0,0.010,0,0,0.010
340,1,0,2,0,1,0.029,0,0,0.029
341,1,0,2,0,5,0.075,0,0,0.075
342,1,0,2,0,5,0.067,0,0,0.067
343,1,0,2,0,0,0.015,0,0,0.015
344,1,0,2,0,1,0.029,0,0,0.029
345,1,0,2,0,0,0.010,0,0,0.010
346,1,0,2,0,1,0.021,0,0,0.021
347,1,0,2,0,4,0.065,0,0,0.065
348,4,1,4,6,11,0.064,0,1,0.146
349,7,3,3,15,43,0.105,2,0,0.253
350,3,1,3,3,14,0.079,1,0,0.090
351,1,0,2,0,1,0.021,0,0,0.021
352,8,3,6,13,12,0.048,2,1,0.082
353,1,0,2,0,0,0.010,0,0,0.010
354,3,1,3,4,1,0.027,1,0,0.040
355,1,0,2,0,0,0.010,0,0,0.010
356,0,0,1,0,0,0.000,0,0,0.000
357,1,0,2,0,0,0.010,0,0,0.010
358,1,0,2,0,0,0.010,0,0,0.010
359,1,0,2,0,5,0.071,0,0,0.071
360,0,0,1,0,0,0.000,0,0,0.000
361,3,1,3,4,37,0.165,1,0,0.370
362,0,0,1,0,0,0.000,0,0,0.000
363,1,0,2,0,0,0.010,0,0,0.010
364,1,0,2,0,1,0.025,0,0,0.025
365,1,0,2,0,1,0.021,0,0,0.021
366,1,0,2,0,2,0.031,0,0,0.031
367,1,0,2,0,2,0.036,0,0,0.036
368,3,1,3,4,3,0.034,1,0,0.046
369,0,0,1,0,0,0.000,0,0,0.000
370,1,0,2,0,17,0.222,0,0,0.222
371,1,0,2,0,0,0.010,0,0,0.010
372,1,0,2,0,0,0.010,0,0,0.010
373,1,0,2,0,1,0.025,0,0,0.025
374,1,0,2,0,0,0.010,0,0,0.010
375,1,0,2,0,0,0.010,0,0,0.010
376,1,0,2,0,3,0.050,0,0,0.050
377,1,0,2,0,10,0.128,0,0,0.128
378,3,1,3,3,39,0.177,1,0,0.249
379,0,0,1,0,0,0.000,0,0,0.000
380,0,0,1,0,0,0.000,0,0,0.000
381,1,0,2,0,1,0.021,0,0,0.021
382,1,0,2,0,3,0.050,0,0,0.050
383,15,7,8,26,150,0.151,6,1,0.510
384,9,4,6,14,33,0.070,4,0,0.147
385,1,0,2,0,2,0.040,0,0,0.040
386,0,0,1,0,0,0.000,0,0,0.000
387,1,0,2,0,0,0.010,0,0,0.010
388,1,0,2,0,0,0.010,0,0,0.010
389,1,0,2,0,1,0.021,0,0,0.021
390,0,0,1,0,0,0.000,0,0,0.000
391,0,0,1,0,0,0.000,0,0,0.000
392,1,0,2,0,1,0.025,0,0,0.025
393,1,0,2,0,5,0.075,0,0,0.075
394,1,0,2,0,0,0.015,0,0,0.015
395,1,0,2,0,1,0.025,0,0,0.025
396,1,0,2,0,0,0.010,0,0,0.010
397,1,0,2,0,0,0.015,0,0,0.015
398,1,0,2,0,0,0.015,0,0,0.015
399,1,0,2,0,7,0.101,0,0,0.101
400,1,0,2,0,0,0.010,0,0,0.010
401,1,0,2,0,1,0.025,0,0,0.025
402,1,0,2,0,0,0.010,0,0,0.010
403,1,0,2,0,2,0.044,0,0,0.044
404,1,0,2,0,0,0.010,0,0,0.010
405,1,0,2,0,1,0.029,0,0,0.029
406,0,0,1,0,0,0.000,0,0,0.000
407,1,0,2,0,1,0.025,0,0,0.025
408,1,0,2,0,0,0.010,0,0,0.010
409,1,0,2,0,1,0.021,0,0,0.021
410,1,0,2,0,15,0.193,0,0,0.193
411,1,0,2,0,0,0.010,0,0,0.010
412,1,0,2,0,1,0.025,0,0,0.025
413,1,0,2,0,2,0.040,0,0,0.040
414,1,0,2,0,3,0.042,0,0,0.042
415,0,0,1,0,0,0.000,0,0,0.000
416,1,0,2,0,0,0.010,0,0,0.010
417,0,0,1,0,0,0.000,0,0,0.000
418,1,0,2,0,1,0.025,0,0,0.025
419,18,9,9,32,188,0.157,9,0,0.545
420,1,0,2,0,4,0.052,0,0,0.052
421,1,0,2,0,9,0.117,0,0,0.117
422,1,0,2,0,3,0.042,0,0,0.042
423,1,0,2,0,0,0.010,0,0,0.010
424,1,0,2,0,1,0.021,0,0,0.021
425,1,0,2,0,2,0.040,0,0,0.040
426,1,0,2,0,14,0.191,0,0,0.191
427,1,0,2,0,4,0.061,0,0,0.061
428,1,0,2,0,1,0.025,0,0,0.025
429,1,0,2,0,1,0.025,0,0,0.025
430,1,0,2,0,1,0.025,0,0,0.025
431,1,0,2,0,2,0.040,0,0,0.040
432,0,0,1,0,0,0.000,0,0,0.000
433,0,0,1,0,0,0.000,0,0,0.000
434,1,0,2,0,2,0.031,0,0,0.031
435,1,0,2,0,21,0.246,0,0,0.246
436,1,0,2,0,0,0.010,0,0,0.010
437,0,0,1,0,0,0.000,0,0,0.000
438,1,0,2,0,0,0.010,0,0,0.010
439,3,1,3,3,12,0.071,1,0,0.086
440,1,0,2,0,0,0.010,0,0,0.010
441,1,0,2,0,1,0.021,0,0,0.021
442,0,0,1,0,0,0.000,0,0,0.000
443,1,0,2,0,4,0.069,0,0,0.069
444,1,0,2,0,1,0.025,0,0,0.025
445,1,0,2,0,5,0.071,0,0,0.071
446,1,0,2,0,4,0.056,0,0,0.056
447,1,0,2,0,2,0.040,0,0,0.040
448,3,1,3,3,6,0.047,1,0,0.061
449,1,0,2,0,1,0.025,0,0,0.025
450,0,0,1,0,0,0.000,0,0,0.000
451,3,1,3,1,16,0.076,1,0,0.142
452,4,2,2,7,18,0.080,2,0,0.126
453,1,0,2,0,1,0.025,0,0,0.025
454,0,0,1,0,0,0.000,0,0,0.000
455,1,0,2,0,1,0.025,0,0,0.025
456,1,0,2,0,0,0.010,0,0,0.010
457,1,0,2,0,1,0.025,0,0,0.025
458,1,0,2,0,3,0.055,0,0,0.055
459,1,0,2,0,0,0.010,0,0,0.010
460,1,0,2,0,5,0.071,0,0,0.071
461,1,0,2,0,5,0.071,0,0,0.071
462,1,0,2,0,4,0.061,0,0,0.061
463,1,0,2,0,0,0.010,0,0,0.010
464,1,0,2,0,6,0.077,0,0,0.077
465,1,0,2,0,0,0.010,0,0,0.010
466,1,0,2,0,4,0.065,0,0,0.065
467,1,0,2,0,2,0.031,0,0,0.031
468,1,0,2,0,2,0.036,0,0,0.036
469,1,0,2,0,0,0.015,0,0,0.015
470,1,0,2,0,4,0.061,0,0,0.061
471,1,0,2,0,7,0.096,0,0,0.096
472,0,0,1,0,0,0.000,0,0,0.000
473,1,0,2,0,9,0.113,0,0,0.113
474,1,0,2,0,4,0.061,0,0,0.061
475,0,0,1,0,0,0.000,0,0,0.000
476,1,0,2,0,1,0.025,0,0,0.025
477,1,0,2,0,0,0.010,0,0,0.010
478,1,0,2,0,4,0.056,0,0,0.056
479,1,0,2,0,0,0.010,0,0,0.010
480,1,0,2,0,9,0.104,0,0,0.104
481,1,0,2,0,0,0.010,0,0,0.010
482,1,0,2,0,2,0.036,0,0,0.036
483,5,2,4,8,14,0.060,2,0,0.092
484,0,0,1,0,0,0.000,0,0,0.000
485,1,0,2,0,3,0.050,0,0,0.050
486,1,0,2,0,2,0.036,0,0,0.036
487,1,0,2,0,0,0.015,0,0,0.015
488,1,0,2,0,0,0.010,0,0,0.010
489,1,0,2,0,1,0.025,0,0,0.025
490,1,0,2,0,5,0.071,0,0,0.071
491,1,0,2,0,0,0.015,0,0,0.015
492,1,0,2,0,0,0.010,0,0,0.010
493,1,0,2,0,2,0.036,0,0,0.036
494,0,0,1,0,0,0.000,0,0,0.000
495,1,0,2,0,3,0.055,0,0,0.055
496,0,0,1,0,0,0.000,0,0,0.000
497,1,0,2,0,0,0.015,0,0,0.015
498,1,0,2,0,2,0.031,0,0,0.031
499,1,0,2,0,0,0.010,0,0,0.010
500,0,0,1,0,0,0.000,0,0,0.000
501,1,0,2,0,1,0.025,0,0,0.025
502,0,0,1,0,0,0.000,0,0,0.000
503,1,0,2,0,1,0.025,0,0,0.025
504,1,0,2,0,10,0.123,0,0,0.123
505,1,0,2,0,1,0.025,0,0,0.025
506,1,0,2,0,1,0.025,0,0,0.025
507,1,0,2,0,0,0.015,0,0,0.015
508,1,0,2,0,0,0.015,0,0,0.015
509,1,0,2,0,1,0.025,0,0,0.025
510,1,0,2,0,1,0.021,0,0,0.021
511,1,0,2,0,1,0.021,0,0,0.021
512,1,0,2,0,1,0.025,0,0,0.025
513,1,0,2,0,1,0.021,0,0,0.021
514,1,0,2,0,0,0.015,0,0,0.015
515,1,0,2,0,1,0.025,0,0,0.025
516,0,0,1,0,0,0.000,0,0,0.000
517,0,0,1,0,0,0.000,0,0,0.000
518,0,0,1,0,0,0.000,0,0,0.000
519,1,0,2,0,0,0.010,0,0,0.010
520,1,0,2,0,2,0.036,0,0,0.036
521,1,0,2,0,0,0.010,0,0,0.010
522,1,0,2,0,4,0.065,0,0,0.065
523,1,0,2,0,2,0.036,0,0,0.036
524,0,0,1,0,0,0.000,0,0,0.000
525,1,0,2,0,0,0.010,0,0,0.010
526,0,0,1,0,0,0.000,0,0,0.000
527,1,0,2,0,3,0.046,0,0,0.046
528,1,0,2,0,7,0.092,0,0,0.092
529,1,0,2,0,0,0.015,0,0,0.015
530,5,2,4,4,22,0.068,2,0,0.148
531,1,0,2,0,0,0.010,0,0,0.010
532,1,0,2,0,9,0.126,0,0,0.126
533,1,0,2,0,1,0.025,0,0,0.025
534,1,0,2,0,3,0.046,0,0,0.046
535,1,0,2,0,5,0.062,0,0,0.062
536,1,0,2,0,0,0.015,0,0,0.015
537,1,0,2,0,0,0.015,0,0,0.015
538,1,0,2,0,2,0.036,0,0,0.036
539,1,0,2,0,0,0.015,0,0,0.015
540,1,0,2,0,2,0.040,0,0,0.040
541,0,0,1,0,0,0.000,0,0,0.000
542,1,0,2,0,1,0.029,0,0,0.029
543,1,0,2,0,3,0.046,0,0,0.046
544,1,0,2,0,0,0.015,0,0,0.015
545,1,0,2,0,0,0.015,0,0,0.015
546,1,0,2,0,0,0.010,0,0,0.010
547,1,0,2,0,0,0.010,0,0,0.010
548,1,0,2,0,2,0.044,0,0,0.044
549,1,0,2,0,2,0.044,0,0,0.044
550,1,0,2,0,14,0.186,0,0,0.186
551,1,0,2,0,1,0.021,0,0,0.021
552,1,0,2,0,0,0.010,0,0,0.010
553,3,1,3,4,7,0.055,1,0,0.075
554,1,0,2,0,35,0.418,0,0,0.418
555,1,0,2,0,1,0.021,0,0,0.021
556,1,0,2,0,2,0.031,0,0,0.031
557,1,0,2,0,1,0.021,0,0,0.021
558,1,0,2,0,1,0.025,0,0,0.025
559,1,0,2,0,6,0.086,0,0,0.086
560,1,0,2,0,1,0.025,0,0,0.025
561,1,0,2,0,2,0.036,0,0,0.036
562,0,0,1,0,0,0.000,0,0,0.000
563,0,0,1,0,0,0.000,0,0,0.000
564,6,3,3,11,45,0.116,3,0,0.218
565,1,0,2,0,3,0.046,0,0,0.046
566,0,0,1,0,0,0.000,0,0,0.000
567,0,0,1,0,0,0.000,0,0,0.000
568,0,0,1,0,0,0.000,0,0,0.000
569,1,0,2,0,0,0.010,0,0,0.010
570,1,0,2,0,2,0.040,0,0,0.040
571,1,0,2,0,0,0.010,0,0,0.010
572,0,0,1,0,0,0.000,0,0,0.000
573,1,0,2,0,1,0.025,0,0,0.025
574,1,0,2,0,0,0.015,0,0,0.015
575,1,0,2,0,9,0.113,0,0,0.113
576,1,0,2,0,4,0.065,0,0,0.065
577,1,0,2,0,2,0.036,0,0,0.036
578,1,0,2,0,1,0.025,0,0,0.025
579,1,0,2,0,0,0.015,0,0,0.015
580,1,0,2,0,1,0.021,0,0,0.021
581,1,0,2,0,0,0.010,0,0,0.010
582,1,0,2,0,1,0.021,0,0,0.021
583,1,0,2,0,7,0.105,0,0,0.105
584,1,0,2,0,0,0.015,0,0,0.015
585,0,0,1,0,0,0.000,0,0,0.000
586,1,0,2,0,2,0.036,0,0,0.036
587,1,0,2,0,6,0.090,0,0,0.090
588,1,0,2,0,0,0.010,0,0,0.010
589,0,0,1,0,0,0.000,0,0,0.000
590,0,0,1,0,0,0.000,0,0,0.000
591,1,0,2,0,6,0.086,0,0,0.086
592,3,1,3,4,11,0.063,1,0,0.113
593,1,0,2,0,0,0.010,0,0,0.010
594,5,2,4,7,25,0.086,2,0,0.140
595,1,0,2,0,0,0.010,0,0,0.010
596,1,0,2,0,1,0.021,0,0,0.021
597,0,0,1,0,0,0.000,0,0,0.000
598,1,0,2,0,6,0.082,0,0,0.082
599,1,0,2,0,11,0.142,0,0,0.142
600,1,0,2,0,0,0.010,0,0,0.010
601,1,0,2,0,0,0.010,0,0,0.010
602,1,0,2,0,1,0.021,0,0,0.021
603,13,5,8,18,48,0.073,3,1,0.157
604,5,2,3,5,27,0.081,1,1,0.228
605,1,0,2,0,3,0.046,0,0,0.046
606,1,0,2,0,3,0.050,0,0,0.050
607,1,0,2,0,0,0.010,0,0,0.010
608,1,0,2,0,2,0.031,0,0,0.031
609,1,0,2,0,0,0.010,0,0,0.010
610,1,0,2,0,2,0.040,0,0,0.040
611,0,0,1,0,0,0.000,0,0,0.000
612,0,0,1,0,0,0.000,0,0,0.000
613,3,1,3,3,2,0.029,1,0,0.050
614,0,0,1,0,0,0.000,0,0,0.000
615,3,1,3,3,5,0.045,1,0,0.075
616,1,0,2,0,14,0.191,0,0,0.191
617,1,0,2,0,0,0.010,0,0,0.010
618,0,0,1,0,0,0.000,0,0,0.000
619,1,0,2,0,0,0.015,0,0,0.015
620,1,0,2,0,1,0.021,0,0,0.021
621,1,0,2,0,2,0.036,0,0,0.036
622,1,0,2,0,0,0.015,0,0,0.015
623,0,0,1,0,0,0.000,0,0,0.000
624,1,0,2,0,5,0.071,0,0,0.071
625,1,0,2,0,1,0.025,0,0,0.025
626,1,0,2,0,0,0.010,0,0,0.010
627,1,0,2,0,0,0.010,0,0,0.010
628,1,0,2,0,4,0.056,0,0,0.056
629,1,0,2,0,0,0.015,0,0,0.015
630,1,0,2,0,0,0.015,0,0,0.015
631,1,0,2,0,4,0.061,0,0,0.061
632,1,0,2,0,2,0.040,0,0,0.040
633,1,0,2,0,0,0.015,0,0,0.015
634,1,0,2,0,12,0.153,0,0,0.153
635,1,0,2,0,0,0.010,0,0,0.010
636,1,0,2,0,0,0.015,0,0,0.015
637,1,0,2,0,1,0.029,0,0,0.029
638,1,0,2,0,3,0.050,0,0,0.050
639,1,0,2,0,0,0.015,0,0,0.015
640,0,0,1,0,0,0.000,0,0,0.000
641,1,0,2,0,0,0.010,0,0,0.010
642,1,0,2,0,0,0.010,0,0,0.010
643,3,1,3,1,13,0.067,1,0,0.105
644,1,0,2,0,9,0.104,0,0,0.104
645,1,0,2,0,1,0.021,0,0,0.021
646,3,1,2,2,1,0.015,0,1,0.025
647,0,0,1,0,0,0.000,0,0,0.000
648,1,0,2,0,2,0.040,0,0,0.040
649,1,0,2,0,7,0.096,0,0,0.096
650,1,0,2,0,0,0.015,0,0,0.015
651,1,0,2,0,4,0.056,0,0,0.056
652,1,0,2,0,1,0.021,0,0,0.021
653,1,0,2,0,9,0.126,0,0,0.126
654,1,0,2,0,0,0.010,0,0,0.010
655,1,0,2,0,0,0.010,0,0,0.010
656,1,0,2,0,0,0.010,0,0,0.010
657,1,0,2,0,1,0.021,0,0,0.021
658,1,0,2,0,0,0.010,0,0,0.010
659,1,0,2,0,0,0.010,0,0,0.010
660,1,0,2,0,2,0.040,0,0,0.040
661,0,0,1,0,0,0.000,0,0,0.000
662,1,0,2,0,1,0.021,0,0,0.021
663,1,0,2,0,4,0.056,0,0,0.056
664,0,0,1,0,0,0.000,0,0,0.000
665,0,0,1,0,0,0.000,0,0,0.000
666,1,0,2,0,0,0.010,0,0,0.010
667,0,0,1,0,0,0.000,0,0,0.000
668,1,0,2,0,0,0.010,0,0,0.010
669,1,0,2,0,0,0.015,0,0,0.015
670,1,0,2,0,1,0.025,0,0,0.025
671,1,0,2,0,0,0.015,0,0,0.015
672,0,0,1,0,0,0.000,0,0,0.000
673,1,0,2,0,1,0.021,0,0,0.021
674,0,0,1,0,0,0.000,0,0,0.000
675,0,0,1,0,0,0.000,0,0,0.000
676,1,0,2,0,3,0.050,0,0,0.050
677,1,0,2,0,8,0.107,0,0,0.107
678,1,0,2,0,6,0.090,0,0,0.090
679,1,0,2,0,1,0.025,0,0,0.025
680,1,0,2,0,0,0.010,0,0,0.010
681,1,0,2,0,0,0.010,0,0,0.010
682,1,0,2,0,1,0.025,0,0,0.025
683,1,0,2,0,4,0.061,0,0,0.061
684,1,0,2,0,0,0.015,0,0,0.015
685,1,0,2,0,2,0.031,0,0,0.031
686,1,0,2,0,0,0.010,0,0,0.010
687,0,0,1,0,0,0.000,0,0,0.000
688,1,0,2,0,1,0.025,0,0,0.025
689,1,0,2,0,0,0.015,0,0,0.015
690,1,0,2,0,3,0.055,0,0,0.055
691,0,0,1,0,0,0.000,0,0,0.000
692,0,0,1,0,0,0.000,0,0,0.000
693,3,1,3,3,1,0.025,1,0,0.040
694,1,0,2,0,1,0.025,0,0,0.025
695,1,0,2,0,0,0.010,0,0,0.010
696,5,2,4,7,9,0.044,2,0,0.071
697,1,0,2,0,0,0.015,0,0,0.015
698,0,0,1,0,0,0.000,0,0,0.000
699,1,0,2,0,8,0.115,0,0,0.115
700,3,1,3,4,4,0.042,1,0,0.056
701,1,0,2,0,17,0.231,0,0,0.231
702,1,0,2,0,2,0.036,0,0,0.036
703,1,0,2,0,0,0.015,0,0,0.015
704,1,0,2,0,1,0.021,0,0,0.021
705,1,0,2,0,1,0.025,0,0,0.025
706,1,0,2,0,0,0.015,0,0,0.015
707,1,0,2,0,1,0.025,0,0,0.025
708,1,0,2,0,0,0.015,0,0,0.015
709,1,0,2,0,0,0.010,0,0,0.010
710,15,6,9,23,60,0.079,5,0,0.160
711,1,0,2,0,2,0.040,0,0,0.040
712,1,0,2,0,0,0.010,0,0,0.010
713,1,0,2,0,0,0.015,0,0,0.015
714,1,0,2,0,0,0.010,0,0,0.010
715,1,0,2,0,0,0.010,0,0,0.010
716,0,0,1,0,0,0.000,0,0,0.000
717,0,0,1,0,0,0.000,0,0,0.000
718,1,0,2,0,2,0.031,0,0,0.031
719,0,0,1,0,0,0.000,0,0,0.000
720,0,0,1,0,0,0.000,0,0,0.000
721,1,0,2,0,1,0.025,0,0,0.025
722,0,0,1,0,0,0.000,0,0,0.000
723,0,0,1,0,0,0.000,0,0,0.000
724,1,0,2,0,1,0.025,0,0,0.025
725,1,0,2,0,7,0.096,0,0,0.096
726,1,0,2,0,9,0.126,0,0,0.126
727,0,0,1,0,0,0.000,0,0,0.000
728,1,0,2,0,3,0.046,0,0,0.046
729,1,0,2,0,0,0.015,0,0,0.015
730,1,0,2,0,7,0.096,0,0,0.096
731,1,0,2,0,0,0.010,0,0,0.010
732,1,0,2,0,0,0.010,0,0,0.010
733,1,0,2,0,3,0.050,0,0,0.050
734,1,0,2,0,0,0.015,0,0,0.015
735,1,0,2,0,4,0.056,0,0,0.056
736,1,0,2,0,0,0.015,0,0,0.015
737,0,0,1,0,0,0.000,0,0,0.000
738,1,0,2,0,10,0.140,0,0,0.140
739,1,0,2,0,2,0.036,0,0,0.036
740,1,0,2,0,3,0.050,0,0,0.050
741,1,0,2,0,1,0.021,0,0,0.021
742,1,0,2,0,3,0.042,0,0,0.042
743,0,0,1,0,0,0.000,0,0,0.000
744,0,0,1,0,0,0.000,0,0,0.000
745,1,0,2,0,4,0.065,0,0,0.065
746,1,0,2,0,1,0.021,0,0,0.021
747,1,0,2,0,2,0.040,0,0,0.040
748,1,0,2,0,0,0.010,0,0,0.010
749,1,0,2,0,1,0.029,0,0,0.029
750,1,0,2,0,0,0.010,0,0,0.010
751,1,0,2,0,2,0.031,0,0,0.031
752,1,0,2,0,7,0.088,0,0,0.088
753,1,0,2,0,0,0.010,0,0,0.010
754,1,0,2,0,0,0.015,0,0,0.015
755,0,0,1,0,0,0.000,0,0,0.000
756,1,0,2,0,0,0.010,0,0,0.010
757,1,0,2,0,0,0.010,0,0,0.010
758,1,0,2,0,2,0.036,0,0,0.036
759,0,0,1,0,0,0.000,0,0,0.000
760,1,0,2,0,5,0.067,0,0,0.067
761,1,0,2,0,21,0.259,0,0,0.259
762,1,0,2,0,0,0.010,0,0,0.010
763,1,0,2,0,13,0.176,0,0,0.176
764,0,0,1,0,0,0.000,0,0,0.000
765,1,0,2,0,1,0.025,0,0,0.025
766,1,0,2,0,5,0.075,0,0,0.075
767,1,0,2,0,0,0.015,0,0,0.015
768,0,0,1,0,0,0.000,0,0,0.000
769,1,0,2,0,0,0.010,0,0,0.010
770,0,0,1,0,0,0.000,0,0,0.000
771,0,0,1,0,0,0.000,0,0,0.000
772,1,0,2,0,7,0.096,0,0,0.096
773,1,0,2,0,1,0.021,0,0,0.021
774,1,0,2,0,2,0.040,0,0,0.040
775,1,0,2,0,0,0.015,0,0,0.015
776,1,0,2,0,1,0.029,0,0,0.029
777,1,0,2,0,0,0.010,0,0,0.010
778,1,0,2,0,2,0.044,0,0,0.044
779,1,0,2,0,4,0.065,0,0,0.065
780,0,0,1,0,0,0.000,0,0,0.000
781,1,0,2,0,0,0.010,0,0,0.010
782,1,0,2,0,4,0.065,0,0,0.065
783,0,0,1,0,0,0.000,0,0,0.000
784,1,0,2,0,0,0.010,0,0,0.010
785,0,0,1,0,0,0.000,0,0,0.000
786,1,0,2,0,0,0.010,0,0,0.010
787,1,0,2,0,2,0.040,0,0,0.040
788,1,0,2,0,0,0.010,0,0,0.010
789,1,0,2,0,1,0.025,0,0,0.025
790,1,0,2,0,3,0.050,0,0,0.050
791,0,0,1,0,0,0.000,0,0,0.000
792,1,0,2,0,0,0.010,0,0,0.010
793,1,0,2,0,4,0.065,0,0,0.065
794,1,0,2,0,7,0.109,0,0,0.109
795,1,0,2,0,2,0.040,0,0,0.040
796,1,0,2,0,0,0.010,0,0,0.010
797,0,0,1,0,0,0.000,0,0,0.000
798,1,0,2,0,3,0.050,0,0,0.050
799,0,0,1,0,0,0.000,0,0,0.000
800,1,0,2,0,3,0.050,0,0,0.050
801,1,0,2,0,4,0.052,0,0,0.052
802,1,0,2,0,0,0.010,0,0,0.010
803,1,0,2,0,1,0.021,0,0,0.021
804,0,0,1,0,0,0.000,0,0,0.000
805,1,0,2,0,4,0.061,0,0,0.061
806,3,1,3,3,5,0.039,1,0,0.082
807,1,0,2,0,0,0.015,0,0,0.015
808,0,0,1,0,0,0.000,0,0,0.000
809,1,0,2,0,3,0.046,0,0,0.046
810,1,0,2,0,2,0.040,0,0,0.040
811,1,0,2,0,19,0.234,0,0,0.234
812,0,0,1,0,0,0.000,0,0,0.000
813,1,0,2,0,6,0.077,0,0,0.077
814,1,0,2,0,2,0.040,0,0,0.040
815,1,0,2,0,0,0.010,0,0,0.010
816,1,0,2,0,19,0.221,0,0,0.221
817,0,0,1,0,0,0.000,0,0,0.000
818,0,0,1,0,0,0.000,0,0,0.000
819,1,0,2,0,5,0.080,0,0,0.080
820,1,0,2,0,0,0.010,0,0,0.010
821,1,0,2,0,2,0.036,0,0,0.036
822,1,0,2,0,11,0.151,0,0,0.151
823,1,0,2,0,0,0.015,0,0,0.015
824,1,0,2,0,0,0.015,0,0,0.015
825,0,0,1,0,0,0.000,0,0,0.000
826,0,0,1,0,0,0.000,0,0,0.000
827,0,0,1,0,0,0.000,0,0,0.000
828,0,0,1,0,0,0.000,0,0,0.000
829,0,0,1,0,0,0.000,0,0,0.000
830,1,0,2,0,0,0.015,0,0,0.015
831,0,0,1,0,0,0.000,0,0,0.000
832,1,0,2,0,1,0.025,0,0,0.025
833,1,0,2,0,0,0.015,0,0,0.015
834,1,0,2,0,1,0.025,0,0,0.025
835,1,0,2,0,0,0.015,0,0,0.015
836,3,1,2,2,1,0.015,0,1,0.025
837,1,0,2,0,0,0.015,0,0,0.015
838,1,0,2,0,2,0.036,0,0,0.036
839,1,0,2,0,0,0.010,0,0,0.010
840,1,0,2,0,0,0.010,0,0,0.010
841,1,0,2,0,0,0.010,0,0,0.010
842,1,0,2,0,0,0.010,0,0,0.010
843,1,0,2,0,6,0.086,0,0,0.086
844,1,0,2,0,1,0.021,0,0,0.021
845,1,0,2,0,5,0.071,0,0,0.071
846,1,0,2,0,4,0.061,0,0,0.061
847,1,0,2,0,1,0.025,0,0,0.025
848,1,0,2,0,1,0.021,0,0,0.021
849,0,0,1,0,0,0.000,0,0,0.000
850,1,0,2,0,1,0.025,0,0,0.025
851,0,0,1,0,0,0.000,0,0,0.000
852,1,0,2,0,1,0.021,0,0,0.021
853,1,0,2,0,0,0.010,0,0,0.010
854,1,0,2,0,8,0.107,0,0,0.107
855,1,0,2,0,0,0.010,0,0,0.010
856,11,5,7,16,58,0.088,5,0,0.169
857,1,0,2,0,0,0.010,0,0,0.010
858,1,0,2,0,2,0.031,0,0,0.031
859,0,0,1,0,0,0.000,0,0,0.000
860,1,0,2,0,7,0.088,0,0,0.088
861,0,0,1,0,0,0.000,0,0,0.000
862,1,0,2,0,1,0.025,0,0,0.025
863,1,0,2,0,1,0.021,0,0,0.021
864,0,0,1,0,0,0.000,0,0,0.000
865,0,0,1,0,0,0.000,0,0,0.000
866,1,0,2,0,0,0.015,0,0,0.015
867,1,0,2,0,1,0.025,0,0,0.025
868,1,0,2,0,0,0.010,0,0,0.010
869,1,0,2,0,0,0.010,0,0,0.010
870,1,0,2,0,1,0.025,0,0,0.025
871,1,0,2,0,10,0.132,0,0,0.132
872,1,0,2,0,0,0.010,0,0,0.010
873,1,0,2,0,0,0.010,0,0,0.010
874,1,0,2,0,2,0.036,0,0,0.036
875,1,0,2,0,1,0.021,0,0,0.021
876,1,0,2,0,0,0.015,0,0,0.015
877,1,0,2,0,2,0.031,0,0,0.031
878,1,0,2,0,0,0.015,0,0,0.015
879,1,0,2,0,0,0.010,0,0,0.010
880,1,0,2,0,1,0.025,0,0,0.025
881,1,0,2,0,0,0.010,0,0,0.010
882,1,0,2,0,0,0.010,0,0,0.010
883,12,6,6,22,43,0.072,6,0,0.136
884,1,0,2,0,1,0.021,0,0,0.021
885,1,0,2,0,1,0.021,0,0,0.021
886,1,0,2,0,1,0.025,0,0,0.025
887,1,0,2,0,0,0.015,0,0,0.015
888,1,0,2,0,0,0.010,0,0,0.010
889,1,0,2,0,0,0.010,0,0,0.010
890,1,0,2,0,1,0.029,0,0,0.029
891,1,0,2,0,7,0.088,0,0,0.088
892,1,0,2,0,7,0.096,0,0,0.096
893,3,1,3,3,8,0.052,1,0,0.102
894,1,0,2,0,2,0.036,0,0,0.036
895,1,0,2,0,0,0.015,0,0,0.015
896,0,0,1,0,0,0.000,0,0,0.000
897,1,0,2,0,0,0.010,0,0,0.010
898,1,0,2,0,7,0.092,0,0,0.092
899,1,0,2,0,0,0.010,0,0,0.010
900,6,3,3,15,62,0.155,3,0,0.412
901,0,0,1,0,0,0.000,0,0,0.000
902,1,0,2,0,2,0.036,0,0,0.036
903,1,0,2,0,0,0.010,0,0,0.010
904,0,0,1,0,0,0.000,0,0,0.000
905,9,4,6,11,71,0.118,4,0,0.404
906,0,0,1,0,0,0.000,0,0,0.000
907,0,0,1,0,0,0.000,0,0,0.000
908,1,0,2,0,0,0.010,0,0,0.010
909,1,0,2,0,1,0.021,0,0,0.021
910,1,0,2,0,1,0.029,0,0,0.029
911,1,0,2,0,0,0.015,0,0,0.015
912,1,0,2,0,0,0.015,0,0,0.015
913,1,0,2,0,0,0.010,0,0,0.010
914,1,0,2,0,2,0.036,0,0,0.036
915,1,0,2,0,0,0.010,0,0,0.010
916,1,0,2,0,0,0.010,0,0,0.010
917,0,0,1,0,0,0.000,0,0,0.000
918,1,0,2,0,1,0.025,0,0,0.025
919,1,0,2,0,0,0.015,0,0,0.015
920,1,0,2,0,0,0.010,0,0,0.010
921,1,0,2,0,0,0.010,0,0,0.010
922,0,0,1,0,0,0.000,0,0,0.000
923,1,0,2,0,1,0.025,0,0,0.025
924,0,0,1,0,0,0.000,0,0,0.000
925,1,0,2,0,1,0.025,0,0,0.025
926,1,0,2,0,0,0.015,0,0,0.015
927,1,0,2,0,7,0.092,0,0,0.092
928,1,0,2,0,0,0.015,0,0,0.015
929,1,0,2,0,3,0.050,0,0,0.050
930,1,0,2,0,0,0.010,0,0,0.010
931,1,0,2,0,0,0.015,0,0,0.015
932,1,0,2,0,0,0.010,0,0,0.010
933,1,0,2,0,0,0.010,0,0,0.010
934,3,1,3,3,21,0.106,1,0,0.176
935,1,0,2,0,4,0.056,0,0,0.056
936,1,0,2,0,0,0.010,0,0,0.010
937,1,0,2,0,2,0.040,0,0,0.040
938,1,0,2,0,0,0.015,0,0,0.015
939,1,0,2,0,2,0.036,0,0,0.036
940,1,0,2,0,0,0.015,0,0,0.015
941,1,0,2,0,0,0.015,0,0,0.015
942,1,0,2,0,14,0.204,0,0,0.204
943,1,0,2,0,5,0.067,0,0,0.067
944,1,0,2,0,0,0.010,0,0,0.010
945,1,0,2,0,2,0.031,0,0,0.031
946,1,0,2,0,10,0.145,0,0,0.145
947,0,0,1,0,0,0.000,0,0,0.000
948,1,0,2,0,0,0.010,0,0,0.010
949,0,0,1,0,0,0.000,0,0,0.000
950,1,0,2,0,0,0.015,0,0,0.015
951,0,0,1,0,0,0.000,0,0,0.000
952,1,0,2,0,0,0.010,0,0,0.010
953,0,0,1,0,0,0.000,0,0,0.000
954,1,0,2,0,1,0.025,0,0,0.025
955,1,0,2,0,0,0.015,0,0,0.015
956,1,0,2,0,0,0.010,0,0,0.010
957,1,0,2,0,6,0.086,0,0,0.086
958,1,0,2,0,4,0.061,0,0,0.061
959,1,0,2,0,0,0.015,0,0,0.015
960,1,0,2,0,2,0.036,0,0,0.036
961,1,0,2,0,0,0.010,0,0,0.010
962,1,0,2,0,0,0.010,0,0,0.010
963,1,0,2,0,0,0.010,0,0,0.010
964,1,0,2,0,3,0.050,0,0,0.050
965,1,0,2,0,8,0.098,0,0,0.098
966,1,0,2,0,0,0.015,0,0,0.015
967,1,0,2,0,2,0.036,0,0,0.036
968,1,0,2,0,0,0.015,0,0,0.015
969,1,0,2,0,3,0.050,0,0,0.050
970,1,0,2,0,3,0.050,0,0,0.050
971,1,0,2,0,1,0.025,0,0,0.025
972,1,0,2,0,15,0.205,0,0,0.205
973,1,0,2,0,1,0.025,0,0,0.025
974,1,0,2,0,0,0.010,0,0,0.010
975,1,0,2,0,1,0.025,0,0,0.025
976,1,0,2,0,7,0.096,0,0,0.096
977,1,0,2,0,1,0.021,0,0,0.021
978,1,0,2,0,2,0.031,0,0,0.031
979,0,0,1,0,0,0.000,0,0,0.000
980,0,0,1,0,0,0.000,0,0,0.000
981,0,0,1,0,0,0.000,0,0,0.000
982,1,0,2,0,0,0.010,0,0,0.010
983,1,0,2,0,4,0.061,0,0,0.061
984,1,0,2,0,0,0.010,0,0,0.010
985,1,0,2,0,1,0.025,0,0,0.025
986,1,0,2,0,0,0.010,0,0,0.010
987,0,0,1,0,0,0.000,0,0,0.000
988,1,0,2,0,0,0.015,0,0,0.015
989,3,1,3,1,5,0.034,1,0,0.040
990,1,0,2,0,0,0.010,0,0,0.010
991,1,0,2,0,1,0.029,0,0,0.029
992,0,0,1,0,0,0.000,0,0,0.000
993,1,0,2,0,0,0.015,0,0,0.015
994,0,0,1,0,0,0.000,0,0,0.000
995,3,1,3,1,17,0.090,1,0,0.124
996,0,0,1,0,0,0.000,0,0,0.000
997,7,3,5,9,12,0.043,3,0,0.075
998,0,0,1,0,0,0.000,0,0,0.000
999,1,0,2,0,1,0.025,0,0,0.025
1000,1,0,2,0,0,0.015,0,0,0.015
1001,1,0,2,0,0,0.015,0,0,0.015
1002,0,0,1,0,0,0.000,0,0,0.000
1003,1,0,2,0,0,0.015,0,0,0.015
1004,1,0,2,0,0,0.015,0,0,0.015
1005,0,0,1,0,0,0.000,0,0,0.000
1006,1,0,2,0,0,0.010,0,0,0.010
1007,1,0,2,0,0,0.010,0,0,0.010
1008,1,0,2,0,1,0.025,0,0,0.025
1009,1,0,2,0,0,0.015,0,0,0.015
1010,1,0,2,0,0,0.010,0,0,0.010
1011,1,0,2,0,4,0.065,0,0,0.065
1012,0,0,1,0,0,0.000,0,0,0.000
1013,1,0,2,0,1,0.025,0,0,0.025
1014,1,0,2,0,1,0.025,0,0,0.025
1015,1,0,2,0,3,0.046,0,0,0.046
1016,1,0,2,0,4,0.056,0,0,0.056
1017,1,0,2,0,6,0.090,0,0,0.090
1018,1,0,2,0,0,0.010,0,0,0.010
1019,1,0,2,0,1,0.025,0,0,0.025
1020,3,1,3,4,9,0.061,1,0,0.117
1021,1,0,2,0,3,0.046,0,0,0.046
1022,1,0,2,0,2,0.031,0,0,0.031
1023,1,0,2,0,0,0.015,0,0,0.015
1024,1,0,2,0,1,0.029,0,0,0.029
1025,3,1,3,4,10,0.066,1,0,0.124
1026,0,0,1,0,0,0.000,0,0,0.000
1027,1,0,2,0,1,0.029,0,0,0.029
1028,1,0,2,0,0,0.010,0,0,0.010
1029,30,15,14,56,216,0.115,14,1,0.308
1030,1,0,2,0,0,0.010,0,0,0.010
1031,0,0,1,0,0,0.000,0,0,0.000
1032,0,0,1,0,0,0.000,0,0,0.000
1033,4,1,4,11,11,0.078,0,1,0.132
1034,0,0,1,0,0,0.000,0,0,0.000
1035,1,0,2,0,0,0.015,0,0,0.015
1036,0,0,1,0,0,0.000,0,0,0.000
1037,3,1,3,3,14,0.077,1,0,0.151
1038,1,0,2,0,1,0.021,0,0,0.021
1039,0,0,1,0,0,0.000,0,0,0.000
1040,1,0,2,0,2,0.036,0,0,0.036
1041,0,0,1,0,0,0.000,0,0,0.000
1042,1,0,2,0,4,0.061,0,0,0.061
1043,1,0,2,0,1,0.021,0,0,0.021
1044,1,0,2,0,1,0.021,0,0,0.021
1045,1,0,2,0,3,0.042,0,0,0.042
1046,1,0,2,0,0,0.010,0,0,0.010
1047,0,0,1,0,0,0.000,0,0,0.000
1048,1,0,2,0,5,0.071,0,0,0.071
1049,1,0,2,0,1,0.021,0,0,0.021
1050,1,0,2,0,3,0.059,0,0,0.059
1051,0,0,1,0,0,0.000,0,0,0.000
1052,1,0,2,0,0,0.010,0,0,0.010
1053,1,0,2,0,7,0.092,0,0,0.092
1054,1,0,2,0,2,0.036,0,0,0.036
1055,1,0,2,0,2,0.040,0,0,0.040
1056,5,2,4,8,84,0.225,2,0,0.625
1057,1,0,2,0,13,0.180,0,0,0.180
1058,0,0,1,0,0,0.000,0,0,0.000
1059,1,0,2,0,0,0.010,0,0,0.010
1060,1,0,2,0,0,0.010,0,0,0.010
1061,1,0,2,0,0,0.010,0,0,0.010
1062,1,0,2,0,0,0.010,0,0,0.010
1063,9,4,6,15,53,0.097,4,0,0.321
1064,0,0,1,0,0,0.000,0,0,0.000
1065,1,0,2,0,3,0.050,0,0,0.050
1066,1,0,2,0,8,0.102,0,0,0.102
1067,1,0,2,0,5,0.080,0,0,0.080
1068,1,0,2,0,3,0.050,0,0,0.050
1069,1,0,2,0,0,0.010,0,0,0.010
1070,1,0,2,0,0,0.010,0,0,0.010
1071,1,0,2,0,1,0.021,0,0,0.021
1072,0,0,1,0,0,0.000,0,0,0.000
1073,1,0,2,0,5,0.080,0,0,0.080
1074,1,0,2,0,1,0.021,0,0,0.021
1075,1,0,2,0,0,0.015,0,0,0.015
1076,1,0,2,0,5,0.080,0,0,0.080
1077,1,0,2,0,1,0.021,0,0,0.021
1078,1,0,2,0,0,0.015,0,0,0.015
1079,1,0,2,0,0,0.010,0,0,0.010
1080,1,0,2,0,0,0.015,0,0,0.015
1081,1,0,2,0,0,0.010,0,0,0.010
1082,1,0,2,0,6,0.086,0,0,0.086
1083,1,0,2,0,2,0.040,0,0,0.040
1084,0,0,1,0,0,0.000,0,0,0.000
1085,1,0,2,0,1,0.021,0,0,0.021
1086,1,0,2,0,4,0.065,0,0,0.065
1087,1,0,2,0,0,0.010,0,0,0.010
1088,0,0,1,0,0,0.000,0,0,0.000
1089,1,0,2,0,2,0.036,0,0,0.036
1090,1,0,2,0,2,0.036,0,0,0.036
1091,6,2,5,12,29,0.093,1,1,0.182
1092,1,0,2,0,2,0.036,0,0,0.036
1093,1,0,2,0,1,0.025,0,0,0.025
1094,0,0,1,0,0,0.000,0,0,0.000
1095,0,0,1,0,0,0.000,0,0,0.000
1096,1,0,2,0,0,0.015,0,0,0.015
1097,1,0,2,0,0,0.015,0,0,0.015
1098,1,0,2,0,2,0.031,0,0,0.031
1099,0,0,1,0,0,0.000,0,0,0.000
1100,1,0,2,0,2,0.040,0,0,0.040
1101,5,2,4,9,18,0.070,2,0,0.126
1102,1,0,2,0,1,0.025,0,0,0.025
1103,1,0,2,0,0,0.010,0,0,0.010
1104,1,0,2,0,2,0.031,0,0,0.031
1105,3,1,3,3,23,0.113,1,0,0.172
1106,3,1,3,4,9,0.062,1,0,0.092
1107,1,0,2,0,3,0.042,0,0,0.042
1108,1,0,2,0,0,0.010,0,0,0.010
1109,1,0,2,0,3,0.050,0,0,0.050
1110,1,0,2,0,0,0.010,0,0,0.010
1111,1,0,2,0,1,0.021,0,0,0.021
1112,3,1,3,4,17,0.094,1,0,0.130
1113,1,0,2,0,4,0.065,0,0,0.065
1114,1,0,2,0,1,0.021,0,0,0.021
1115,1,0,2,0,8,0.102,0,0,0.102
1116,1,0,2,0,3,0.046,0,0,0.046
1117,1,0,2,0,0,0.010,0,0,0.010
1118,1,0,2,0,0,0.010,0,0,0.010
1119,0,0,1,0,0,0.000,0,0,0.000
1120,1,0,2,0,9,0.130,0,0,0.130
1121,1,0,2,0,1,0.021,0,0,0.021
1122,1,0,2,0,12,0.161,0,0,0.161
1123,1,0,2,0,3,0.050,0,0,0.050
1124,1,0,2,0,1,0.025,0,0,0.025
1125,1,0,2,0,2,0.036,0,0,0.036
1126,1,0,2,0,0,0.010,0,0,0.010
1127,0,0,1,0,0,0.000,0,0,0.000
1128,1,0,2,0,0,0.010,0,0,0.010
1129,1,0,2,0,10,0.119,0,0,0.119
1130,1,0,2,0,2,0.040,0,0,0.040
1131,1,0,2,0,0,0.010,0,0,0.010
1132,1,0,2,0,1,0.025,0,0,0.025
1133,0,0,1,0,0,0.000,0,0,0.000
1134,3,1,3,3,6,0.041,1,0,0.056
1135,1,0,2,0,8,0.102,0,0,0.102
1136,1,0,2,0,0,0.010,0,0,0.010
1137,1,0,2,0,2,0.040,0,0,0.040
1138,0,0,1,0,0,0.000,0,0,0.000
1139,1,0,2,0,4,0.056,0,0,0.056
1140,1,0,2,0,2,0.040,0,0,0.040
1141,0,0,1,0,0,0.000,0,0,0.000
1142,1,0,2,0,1,0.025,0,0,0.025
1143,1,0,2,0,2,0.040,0,0,0.040
1144,1,0,2,0,11,0.138,0,0,0.138
1145,1,0,2,0,0,0.010,0,0,0.010
1146,1,0,2,0,4,0.065,0,0,0.065
1147,1,0,2,0,1,0.025,0,0,0.025
1148,0,0,1,0,0,0.000,0,0,0.000
1149,0,0,1,0,0,0.000,0,0,0.000
1150,1,0,2,0,0,0.010,0,0,0.010
1151,1,0,2,0,7,0.096,0,0,0.096
1152,1,0,2,0,0,0.015,0,0,0.015
1153,1,0,2,0,1,0.025,0,0,0.025
1154,1,0,2,0,3,0.055,0,0,0.055
1155,1,0,2,0,1,0.021,0,0,0.021
1156,1,0,2,0,1,0.029,0,0,0.029
1157,0,0,1,0,0,0.000,0,0,0.000
1158,1,0,2,0,0,0.015,0,0,0.015
1159,1,0,2,0,7,0.092,0,0,0.092
1160,1,0,2,0,1,0.021,0,0,0.021
1161,1,0,2,0,0,0.010,0,0,0.010
1162,1,0,2,0,0,0.015,0,0,0.015
1163,1,0,2,0,2,0.036,0,0,0.036
1164,1,0,2,0,0,0.010,0,0,0.010
1165,1,0,2,0,2,0.031,0,0,0.031
1166,1,0,2,0,0,0.010,0,0,0.010
1167,1,0,2,0,0,0.010,0,0,0.010
1168,1,0,2,0,1,0.021,0,0,0.021
1169,1,0,2,0,11,0.147,0,0,0.147
1170,1,0,2,0,1,0.029,0,0,0.029
1171,0,0,1,0,0,0.000,0,0,0.000
1172,1,0,2,0,0,0.010,0,0,0.010
1173,3,1,3,4,3,0.036,1,0,0.046
1174,1,0,2,0,0,0.010,0,0,0.010
1175,5,2,4,4,46,0.125,2,0,0.310
1176,5,2,4,4,71,0.194,2,0,0.537
1177,0,0,1,0,0,0.000,0,0,0.000
1178,1,0,2,0,1,0.025,0,0,0.025
1179,1,0,2,0,0,0.010,0,0,0.010
1180,1,0,2,0,14,0.165,0,0,0.165
1181,1,0,2,0,4,0.056,0,0,0.056
1182,1,0,2,0,12,0.174,0,0,0.174
1183,1,0,2,0,2,0.031,0,0,0.031
1184,0,0,1,0,0,0.000,0,0,0.000
1185,1,0,2,0,1,0.021,0,0,0.021
1186,1,0,2,0,1,0.025,0,0,0.025
1187,0,0,1,0,0,0.000,0,0,0.000
1188,1,0,2,0,0,0.010,0,0,0.010
1189,1,0,2,0,0,0.015,0,0,0.015
1190,1,0,2,0,2,0.031,0,0,0.031
1191,1,0,2,0,0,0.015,0,0,0.015
1192,0,0,1,0,0,0.000,0,0,0.000
1193,1,0,2,0,0,0.010,0,0,0.010
1194,1,0,2,0,4,0.056,0,0,0.056
1195,0,0,1,0,0,0.000,0,0,0.000
1196,1,0,2,0,4,0.056,0,0,0.056
1197,1,0,2,0,3,0.046,0,0,0.046
1198,1,0,2,0,1,0.025,0,0,0.025
1199,1,0,2,0,6,0.082,0,0,0.082
1200,1,0,2,0,2,0.036,0,0,0.036
1201,1,0,2,0,11,0.147,0,0,0.147
1202,1,0,2,0,1,0.025,0,0,0.025
1203,1,0,2,0,11,0.147,0,0,0.147
1204,1,0,2,0,12,0.157,0,0,0.157
1205,1,0,2,0,3,0.055,0,0,0.055
1206,1,0,2,0,1,0.029,0,0,0.029
1207,1,0,2,0,0,0.015,0,0,0.015
1208,1,0,2,0,16,0.199,0,0,0.199
1209,1,0,2,0,0,0.010,0,0,0.010
1210,3,1,2,5,25,0.129,0,1,0.278
1211,0,0,1,0,0,0.000,0,0,0.000
1212,1,0,2,0,0,0.010,0,0,0.010
1213,3,1,3,3,34,0.148,1,0,0.226
1214,1,0,2,0,0,0.010,0,0,0.010
1215,1,0,2,0,1,0.021,0,0,0.021
1216,1,0,2,0,13,0.163,0,0,0.163
1217,1,0,2,0,1,0.025,0,0,0.025
1218,1,0,2,0,1,0.025,0,0,0.025
1219,1,0,2,0,4,0.056,0,0,0.056
1220,1,0,2,0,15,0.197,0,0,0.197
1221,1,0,2,0,1,0.021,0,0,0.021
1222,1,0,2,0,0,0.015,0,0,0.015
1223,1,0,2,0,0,0.010,0,0,0.010
1224,1,0,2,0,0,0.010,0,0,0.010
1225,1,0,2,0,4,0.065,0,0,0.065
1226,1,0,2,0,8,0.102,0,0,0.102
1227,1,0,2,0,0,0.010,0,0,0.010
1228,1,0,2,0,2,0.044,0,0,0.044
1229,1,0,2,0,0,0.010,0,0,0.010
1230,1,0,2,0,3,0.042,0,0,0.042
1231,1,0,2,0,0,0.010,0,0,0.010
1232,3,1,3,1,8,0.044,1,0,0.061
1233,1,0,2,0,3,0.055,0,0,0.055
1234,1,0,2,0,0,0.010,0,0,0.010
1235,1,0,2,0,0,0.015,0,0,0.015
1236,1,0,2,0,0,0.010,0,0,0.010
1237,0,0,1,0,0,0.000,0,0,0.000
1238,1,0,2,0,0,0.010,0,0,0.010
1239,1,0,2,0,3,0.042,0,0,0.042
1240,0,0,1,0,0,0.000,0,0,0.000
1241,1,0,2,0,7,0.092,0,0,0.092
1242,1,0,2,0,0,0.010,0,0,0.010
1243,1,0,2,0,0,0.015,0,0,0.015
1244,1,0,2,0,0,0.010,0,0,0.010
1245,0,0,1,0,0,0.000,0,0,0.000
1246,1,0,2,0,0,0.015,0,0,0.015
1247,1,0,2,0,2,0.040,0,0,0.040
1248,14,6,8,28,67,0.090,4,2,0.186
1249,0,0,1,0,0,0.000,0,0,0.000
1250,1,0,2,0,1,0.025,0,0,0.025
1251,0,0,1,0,0,0.000,0,0,0.000
1252,1,0,2,0,1,0.025,0,0,0.025
1253,1,0,2,0,0,0.010,0,0,0.010
1254,1,0,2,0,1,0.021,0,0,0.021
1255,0,0,1,0,0,0.000,0,0,0.000
1256,1,0,2,0,2,0.036,0,0,0.036
1257,1,0,2,0,0,0.010,0,0,0.010
1258,1,0,2,0,0,0.010,0,0,0.010
1259,1,0,2,0,0,0.015,0,0,0.015
1260,1,0,2,0,1,0.025,0,0,0.025
1261,1,0,2,0,0,0.010,0,0,0.010
1262,0,0,1,0,0,0.000,0,0,0.000
1263,5,1,4,10,29,0.133,0,0,0.242
1264,0,0,1,0,0,0.000,0,0,0.000
1265,3,1,3,4,17,0.088,1,0,0.215
1266,1,0,2,0,0,0.010,0,0,0.010
1267,1,0,2,0,2,0.040,0,0,0.040
1268,1,0,2,0,2,0.040,0,0,0.040
1269,3,1,3,5,36,0.165,1,0,0.343
1270,1,0,2,0,1,0.029,0,0,0.029
1271,0,0,1,0,0,0.000,0,0,0.000
1272,1,0,2,0,2,0.040,0,0,0.040
1273,0,0,1,0,0,0.000,0,0,0.000
1274,1,0,2,0,0,0.015,0,0,0.015
1275,1,0,2,0,3,0.055,0,0,0.055
1276,1,0,2,0,14,0.186,0,0,0.186
1277,3,1,3,4,23,0.111,1,0,0.272
1278,3,1,2,2,1,0.017,0,1,0.029
1279,0,0,1,0,0,0.000,0,0,0.000
1280,1,0,2,0,0,0.015,0,0,0.015
1281,0,0,1,0,0,0.000,0,0,0.000
1282,1,0,2,0,0,0.015,0,0,0.015
1283,1,0,2,0,0,0.010,0,0,0.010
1284,1,0,2,0,0,0.010,0,0,0.010
1285,1,0,2,0,0,0.010,0,0,0.010
1286,1,0,2,0,0,0.010,0,0,0.010
1287,1,0,2,0,1,0.021,0,0,0.021
1288,0,0,1,0,0,0.000,0,0,0.000
1289,1,0,2,0,6,0.086,0,0,0.086
1290,1,0,2,0,3,0.042,0,0,0.042
1291,1,0,2,0,2,0.040,0,0,0.040
1292,0,0,1,0,0,0.000,0,0,0.000
1293,1,0,2,0,1,0.025,0,0,0.025
1294,1,0,2,0,0,0.015,0,0,0.015
1295,0,0,1,0,0,0.000,0,0,0.000
1296,1,0,2,0,1,0.021,0,0,0.021
1297,3,1,3,1,35,0.155,1,0,0.256
1298,1,0,2,0,2,0.040,0,0,0.040
1299,1,0,2,0,4,0.061,0,0,0.061
1300,1,0,2,0,3,0.050,0,0,0.050
1301,1,0,2,0,1,0.021,0,0,0.021
1302,1,0,2,0,11,0.142,0,0,0.142
1303,0,0,1,0,0,0.000,0,0,0.000
1304,1,0,2,0,6,0.082,0,0,0.082
1305,1,0,2,0,0,0.015,0,0,0.015
1306,1,0,2,0,1,0.025,0,0,0.025
1307,1,0,2,0,8,0.115,0,0,0.115
1308,1,0,2,0,4,0.056,0,0,0.056
1309,0,0,1,0,0,0.000,0,0,0.000
1310,3,1,3,4,6,0.049,1,0,0.071
1311,1,0,2,0,2,0.040,0,0,0.040
1312,1,0,2,0,1,0.029,0,0,0.029
1313,1,0,2,0,13,0.163,0,0,0.163
1314,1,0,2,0,8,0.102,0,0,0.102
1315,1,0,2,0,0,0.010,0,0,0.010
1316,0,0,1,0,0,0.000,0,0,0.000
1317,1,0,2,0,13,0.167,0,0,0.167
1318,0,0,1,0,0,0.000,0,0,0.000
1319,0,0,1,0,0,0.000,0,0,0.000
1320,0,0,1,0,0,0.000,0,0,0.000
1321,0,0,1,0,0,0.000,0,0,0.000
1322,1,0,2,0,4,0.052,0,0,0.052
1323,3,1,2,2,9,0.049,0,1,0.075
1324,0,0,1,0,0,0.000,0,0,0.000
1325,0,0,1,0,0,0.000,0,0,0.000
1326,1,0,2,0,0,0.015,0,0,0.015
1327,1,0,2,0,12,0.161,0,0,0.161
1328,1,0,2,0,16,0.203,0,0,0.203
1329,1,0,2,0,1,0.021,0,0,0.021
1330,0,0,1,0,0,0.000,0,0,0.000
1331,1,0,2,0,3,0.055,0,0,0.055
1332,1,0,2,0,1,0.025,0,0,0.025
1333,1,0,2,0,0,0.010,0,0,0.010
1334,1,0,2,0,22,0.278,0,0,0.278
1335,0,0,1,0,0,0.000,0,0,0.000
1336,1,0,2,0,3,0.050,0,0,0.050
1337,1,0,2,0,0,0.015,0,0,0.015
1338,1,0,2,0,0,0.015,0,0,0.015
1339,0,0,1,0,0,0.000,0,0,0.000
1340,3,1,3,1,15,0.080,1,0,0.147
1341,1,0,2,0,0,0.010,0,0,0.010
1342,1,0,2,0,0,0.010,0,0,0.010
1343,1,0,2,0,1,0.021,0,0,0.021
1344,1,0,2,0,4,0.056,0,0,0.056
1345,1,0,2,0,1,0.025,0,0,0.025
1346,1,0,2,0,2,0.040,0,0,0.040
1347,1,0,2,0,1,0.021,0,0,0.021
1348,1,0,2,0,0,0.015,0,0,0.015
1349,1,0,2,0,0,0.010,0,0,0.010
1350,1,0,2,0,1,0.025,0,0,0.025
1351,1,0,2,0,2,0.040,0,0,0.040
1352,1,0,2,0,2,0.036,0,0,0.036
1353,1,0,2,0,16,0.225,0,0,0.225
1354,1,0,2,0,3,0.046,0,0,0.046
1355,0,0,1,0,0,0.000,0,0,0.000
1356,1,0,2,0,7,0.101,0,0,0.101
1357,1,0,2,0,1,0.021,0,0,0.021
1358,1,0,2,0,1,0.025,0,0,0.025
1359,1,0,2,0,2,0.036,0,0,0.036
1360,1,0,2,0,0,0.010,0,0,0.010
1361,1,0,2,0,3,0.046,0,0,0.046
1362,1,0,2,0,5,0.071,0,0,0.071
1363,1,0,2,0,5,0.075,0,0,0.075
1364,1,0,2,0,0,0.015,0,0,0.015
1365,1,0,2,0,0,0.015,0,0,0.015
1366,3,1,2,2,6,0.038,0,1,0.055
1367,1,0,2,0,2,0.040,0,0,0.040
1368,1,0,2,0,4,0.056,0,0,0.056
1369,1,0,2,0,0,0.015,0,0,0.015
1370,1,0,2,0,9,0.134,0,0,0.134
1371,1,0,2,0,0,0.015,0,0,0.015
1372,1,0,2,0,3,0.046,0,0,0.046
1373,0,0,1,0,0,0.000,0,0,0.000
1374,3,1,3,3,8,0.054,1,0,0.101
1375,1,0,2,0,7,0.101,0,0,0.101
1376,0,0,1,0,0,0.000,0,0,0.000
1377,1,0,2,0,0,0.015,0,0,0.015
1378,1,0,2,0,10,0.145,0,0,0.145
1379,1,0,2,0,1,0.025,0,0,0.025
1380,1,0,2,0,19,0.247,0,0,0.247
1381,1,0,2,0,8,0.102,0,0,0.102
1382,1,0,2,0,0,0.010,0,0,0.010
1383,1,0,2,0,1,0.025,0,0,0.025
1384,1,0,2,0,3,0.050,0,0,0.050
1385,1,0,2,0,0,0.010,0,0,0.010
1386,1,0,2,0,0,0.015,0,0,0.015
1387,1,0,2,0,0,0.015,0,0,0.015
1388,1,0,2,0,1,0.025,0,0,0.025
1389,0,0,1,0,0,0.000,0,0,0.000
1390,3,1,3,1,10,0.060,1,0,0.126
1391,1,0,2,0,1,0.025,0,0,0.025
1392,1,0,2,0,1,0.025,0,0,0.025
1393,1,0,2,0,6,0.090,0,0,0.090
1394,1,0,2,0,5,0.075,0,0,0.075
1395,1,0,2,0,0,0.015,0,0,0.015
1396,1,0,2,0,3,0.055,0,0,0.055
1397,1,0,2,0,0,0.010,0,0,0.010
1398,1,0,2,0,0,0.015,0,0,0.015
1399,1,0,2,0,1,0.025,0,0,0.025
1400,0,0,1,0,0,0.000,0,0,0.000
1401,1,0,2,0,0,0.015,0,0,0.015
1402,0,0,1,0,0,0.000,0,0,0.000
1403,1,0,2,0,8,0.102,0,0,0.102
1404,1,0,2,0,2,0.036,0,0,0.036
1405,1,0,2,0,0,0.015,0,0,0.015
1406,1,0,2,0,5,0.080,0,0,0.080
1407,3,1,3,3,18,0.094,1,0,0.140
1408,1,0,2,0,0,0.010,0,0,0.010
1409,0,0,1,0,0,0.000,0,0,0.000
1410,3,1,3,1,13,0.069,1,0,0.142
1411,1,0,2,0,3,0.046,0,0,0.046
1412,0,0,1,0,0,0.000,0,0,0.000
1413,1,0,2,0,2,0.031,0,0,0.031
1414,1,0,2,0,0,0.010,0,0,0.010
1415,1,0,2,0,1,0.021,0,0,0.021
1416,1,0,2,0,5,0.071,0,0,0.071
1417,1,0,2,0,0,0.015,0,0,0.015
1418,1,0,2,0,2,0.036,0,0,0.036
1419,1,0,2,0,0,0.010,0,0,0.010
1420,0,0,1,0,0,0.000,0,0,0.000
1421,1,0,2,0,1,0.025,0,0,0.025
1422,1,0,2,0,0,0.010,0,0,0.010
1423,1,0,2,0,7,0.096,0,0,0.096
1424,1,0,2,0,0,0.010,0,0,0.010
1425,0,0,1,0,0,0.000,0,0,0.000
1426,1,0,2,0,1,0.025,0,0,0.025
1427,3,1,3,4,21,0.104,1,0,0.182
1428,1,0,2,0,6,0.090,0,0,0.090
1429,1,0,2,0,4,0.065,0,0,0.065
1430,1,0,2,0,5,0.075,0,0,0.075
1431,7,3,3,11,19,0.052,1,2,0.105
1432,1,0,2,0,1,0.021,0,0,0.021
1433,1,0,2,0,0,0.010,0,0,0.010
1434,1,0,2,0,2,0.040,0,0,0.040
1435,1,0,2,0,3,0.055,0,0,0.055
1436,1,0,2,0,1,0.025,0,0,0.025
1437,1,0,2,0,3,0.050,0,0,0.050
1438,1,0,2,0,0,0.015,0,0,0.015
1439,1,0,2,0,1,0.021,0,0,0.021
1440,1,0,2,0,1,0.025,0,0,0.025
1441,1,0,2,0,0,0.015,0,0,0.015
1442,0,0,1,0,0,0.000,0,0,0.000
1443,1,0,2,0,3,0.046,0,0,0.046
1444,3,1,3,3,2,0.027,1,0,0.031
1445,1,0,2,0,1,0.029,0,0,0.029
1446,1,0,2,0,7,0.105,0,0,0.105
1447,1,0,2,0,9,0.130,0,0,0.130
1448,1,0,2,0,0,0.010,0,0,0.010
1449,1,0,2,0,0,0.010,0,0,0.010
1450,1,0,2,0,0,0.010,0,0,0.010
1451,1,0,2,0,0,0.010,0,0,0.010
1452,1,0,2,0,3,0.050,0,0,0.050
1453,1,0,2,0,2,0.040,0,0,0.040
1454,1,0,2,0,5,0.071,0,0,0.071
1455,1,0,2,0,5,0.062,0,0,0.062
1456,1,0,2,0,5,0.075,0,0,0.075
1457,1,0,2,0,2,0.031,0,0,0.031
1458,0,0,1,0,0,0.000,0,0,0.000
1459,0,0,1,0,0,0.000,0,0,0.000
1460,1,0,2,0,5,0.067,0,0,0.067
1461,1,0,2,0,1,0.025,0,0,0.025
1462,1,0,2,0,7,0.088,0,0,0.088
1463,1,0,2,0,0,0.010,0,0,0.010
1464,29,13,16,52,166,0.099,10,3,0.256
1465,0,0,1,0,0,0.000,0,0,0.000
1466,1,0,2,0,4,0.061,0,0,0.061
1467,1,0,2,0,7,0.092,0,0,0.092
1468,1,0,2,0,1,0.025,0,0,0.025
1469,1,0,2,0,2,0.036,0,0,0.036
1470,0,0,1,0,0,0.000,0,0,0.000
1471,3,1,3,3,7,0.052,1,0,0.061
1472,1,0,2,0,7,0.096,0,0,0.096
1473,1,0,2,0,1,0.025,0,0,0.025
1474,1,0,2,0,1,0.025,0,0,0.025
1475,1,0,2,0,0,0.010,0,0,0.010
1476,1,0,2,0,0,0.010,0,0,0.010
1477,1,0,2,0,7,0.101,0,0,0.101
1478,0,0,1,0,0,0.000,0,0,0.000
1479,1,0,2,0,1,0.025,0,0,0.025
1480,1,0,2,0,0,0.015,0,0,0.015
1481,1,0,2,0,4,0.065,0,0,0.065
1482,1,0,2,0,0,0.010,0,0,0.010
1483,1,0,2,0,1,0.025,0,0,0.025
1484,1,0,2,0,0,0.015,0,0,0.015
1485,1,0,2,0,1,0.025,0,0,0.025
1486,1,0,2,0,3,0.046,0,0,0.046
1487,1,0,2,0,0,0.010,0,0,0.010
1488,1,0,2,0,0,0.015,0,0,0.015
1489,1,0,2,0,1,0.021,0,0,0.021
1490,1,0,2,0,5,0.067,0,0,0.067
1491,1,0,2,0,0,0.010,0,0,0.010
1492,0,0,1,0,0,0.000,0,0,0.000
1493,0,0,1,0,0,0.000,0,0,0.000
1494,1,0,2,0,0,0.010,0,0,0.010
1495,1,0,2,0,1,0.021,0,0,0.021
1496,1,0,2,0,9,0.126,0,0,0.126
1497,1,0,2,0,1,0.021,0,0,0.021
1498,1,0,2,0,3,0.046,0,0,0.046
1499,1,0,2,0,3,0.046,0,0,0.046
1500,1,0,2,0,1,0.021,0,0,0.021
1501,1,0,2,0,0,0.010,0,0,0.010
1502,1,0,2,0,0,0.010,0,0,0.010
1503,3,1,3,3,10,0.061,1,0,0.147
1504,3,1,3,3,16,0.089,1,0,0.120
1505,1,0,2,0,7,0.088,0,0,0.088
1506,0,0,1,0,0,0.000,0,0,0.000
1507,1,0,2,0,5,0.075,0,0,0.075
1508,0,0,1,0,0,0.000,0,0,0.000
1509,1,0,2,0,6,0.082,0,0,0.082
1510,0,0,1,0,0,0.000,0,0,0.000
1511,1,0,2,0,2,0.031,0,0,0.031
1512,1,0,2,0,3,0.050,0,0,0.050
1513,1,0,2,0,3,0.050,0,0,0.050
1514,1,0,2,0,9,0.113,0,0,0.113
1515,1,0,2,0,0,0.015,0,0,0.015
1516,0,0,1,0,0,0.000,0,0,0.000
1517,1,0,2,0,0,0.015,0,0,0.015
1518,0,0,1,0,0,0.000,0,0,0.000
1519,3,1,3,1,25,0.117,1,0,0.138
1520,0,0,1,0,0,0.000,0,0,0.000
1521,1,0,2,0,0,0.010,0,0,0.010
1522,0,0,1,0,0,0.000,0,0,0.000
1523,0,0,1,0,0,0.000,0,0,0.000
1524,1,0,2,0,2,0.040,0,0,0.040
1525,1,0,2,0,1,0.025,0,0,0.025
1526,0,0,1,0,0,0.000,0,0,0.000
1527,16,8,6,28,56,0.070,6,2,0.121
1528,1,0,2,0,4,0.056,0,0,0.056
1529,1,0,2,0,3,0.050,0,0,0.050
1530,1,0,2,0,3,0.050,0,0,0.050
1531,1,0,2,0,3,0.055,0,0,0.055
1532,1,0,2,0,0,0.015,0,0,0.015
1533,1,0,2,0,0,0.010,0,0,0.010
1534,1,0,2,0,9,0.126,0,0,0.126
1535,1,0,2,0,3,0.050,0,0,0.050
1536,1,0,2,0,3,0.050,0,0,0.050
1537,0,0,1,0,0,0.000,0,0,0.000
1538,3,1,3,3,7,0.046,1,0,0.082
1539,1,0,2,0,3,0.050,0,0,0.050
1540,1,0,2,0,0,0.010,0,0,0.010
1541,1,0,2,0,3,0.050,0,0,0.050
1542,1,0,2,0,5,0.080,0,0,0.080
1543,1,0,2,0,2,0.040,0,0,0.040
1544,1,0,2,0,6,0.082,0,0,0.082
1545,1,0,2,0,40,0.505,0,0,0.505
1546,1,0,2,0,12,0.166,0,0,0.166
1547,0,0,1,0,0,0.000,0,0,0.000
1548,1,0,2,0,0,0.010,0,0,0.010
1549,1,0,2,0,1,0.025,0,0,0.025
1550,0,0,1,0,0,0.000,0,0,0.000
1551,1,0,2,0,3,0.050,0,0,0.050
1552,1,0,2,0,0,0.010,0,0,0.010
1553,1,0,2,0,0,0.010,0,0,0.010
1554,1,0,2,0,2,0.036,0,0,0.036
1555,1,0,2,0,1,0.029,0,0,0.029
1556,1,0,2,0,18,0.232,0,0,0.232
1557,1,0,2,0,0,0.010,0,0,0.010
1558,1,0,2,0,3,0.050,0,0,0.050
1559,1,0,2,0,0,0.010,0,0,0.010
1560,0,0,1,0,0,0.000,0,0,0.000
1561,1,0,2,0,0,0.010,0,0,0.010
1562,1,0,2,0,2,0.036,0,0,0.036
1563,0,0,1,0,0,0.000,0,0,0.000
1564,1,0,2,0,11,0.142,0,0,0.142
1565,0,0,1,0,0,0.000,0,0,0.000
1566,1,0,2,0,0,0.010,0,0,0.010
1567,0,0,1,0,0,0.000,0,0,0.000
1568,1,0,2,0,0,0.015,0,0,0.015
1569,0,0,1,0,0,0.000,0,0,0.000
1570,1,0,2,0,5,0.075,0,0,0.075
1571,0,0,1,0,0,0.000,0,0,0.000
1572,1,0,2,0,2,0.040,0,0,0.040
1573,1,0,2,0,0,0.010,0,0,0.010
1574,3,1,3,3,12,0.073,1,0,0.080
1575,1,0,2,0,5,0.067,0,0,0.067
1576,0,0,1,0,0,0.000,0,0,0.000
1577,3,1,3,4,5,0.040,1,0,0.042
1578,1,0,2,0,0,0.010,0,0,0.010
1579,1,0,2,0,0,0.015,0,0,0.015
1580,0,0,1,0,0,0.000,0,0,0.000
1581,1,0,2,0,1,0.025,0,0,0.025
1582,1,0,2,0,0,0.010,0,0,0.010
1583,1,0,2,0,0,0.010,0,0,0.010
1584,1,0,2,0,2,0.036,0,0,0.036
1585,3,1,3,4,1,0.029,1,0,0.036
1586,1,0,2,0,0,0.015,0,0,0.015
1587,1,0,2,0,1,0.029,0,0,0.029
1588,0,0,1,0,0,0.000,0,0,0.000
1589,0,0,1,0,0,0.000,0,0,0.000
1590,1,0,2,0,4,0.065,0,0,0.065
1591,1,0,2,0,0,0.010,0,0,0.010
1592,5,2,2,9,31,0.112,1,0,0.224
1593,1,0,2,0,11,0.151,0,0,0.151
1594,1,0,2,0,0,0.010,0,0,0.010
1595,1,0,2,0,3,0.042,0,0,0.042
1596,0,0,1,0,0,0.000,0,0,0.000
1597,1,0,2,0,2,0.036,0,0,0.036
1598,3,1,3,3,6,0.047,1,0,0.105
1599,0,0,1,0,0,0.000,0,0,0.000
1600,1,0,2,0,2,0.040,0,0,0.040
1601,0,0,1,0,0,0.000,0,0,0.000
1602,1,0,2,0,1,0.021,0,0,0.021
1603,1,0,2,0,12,0.148,0,0,0.148
1604,1,0,2,0,1,0.025,0,0,0.025
1605,0,0,1,0,0,0.000,0,0,0.000
1606,0,0,1,0,0,0.000,0,0,0.000
1607,3,1,3,3,21,0.109,1,0,0.189
1608,0,0,1,0,0,0.000,0,0,0.000
1609,0,0,1,0,0,0.000,0,0,0.000
1610,1,0,2,0,5,0.075,0,0,0.075
1611,1,0,2,0,8,0.115,0,0,0.115
1612,1,0,2,0,8,0.111,0,0,0.111
1613,1,0,2,0,3,0.050,0,0,0.050
1614,1,0,2,0,1,0.025,0,0,0.025
1615,1,0,2,0,1,0.021,0,0,0.021
1616,1,0,2,0,3,0.046,0,0,0.046
1617,1,0,2,0,2,0.040,0,0,0.040
1618,1,0,2,0,4,0.056,0,0,0.056
1619,1,0,2,0,0,0.010,0,0,0.010
1620,1,0,2,0,16,0.194,0,0,0.194
1621,1,0,2,0,1,0.025,0,0,0.025
1622,1,0,2,0,1,0.021,0,0,0.021
1623,1,0,2,0,3,0.046,0,0,0.046
1624,14,7,7,23,134,0.141,7,0,0.394
1625,1,0,2,0,1,0.021,0,0,0.021
1626,1,0,2,0,7,0.096,0,0,0.096
1627,0,0,1,0,0,0.000,0,0,0.000
1628,1,0,2,0,2,0.040,0,0,0.040
1629,1,0,2,0,10,0.128,0,0,0.128
1630,1,0,2,0,6,0.090,0,0,0.090
1631,1,0,2,0,1,0.025,0,0,0.025
1632,1,0,2,0,0,0.010,0,0,0.010
1633,1,0,2,0,0,0.010,0,0,0.010
1634,1,0,2,0,0,0.010,0,0,0.010
1635,1,0,2,0,7,0.096,0,0,0.096
1636,12,5,8,20,55,0.085,4,1,0.289
1637,3,1,3,4,18,0.102,1,0,0.170
1638,5,2,4,7,12,0.053,2,0,0.069
1639,1,0,2,0,5,0.080,0,0,0.080
1640,1,0,2,0,0,0.010,0,0,0.010
1641,0,0,1,0,0,0.000,0,0,0.000
1642,1,0,2,0,13,0.172,0,0,0.172
1643,3,1,2,2,3,0.024,0,1,0.040
1644,1,0,2,0,5,0.080,0,0,0.080
1645,1,0,2,0,1,0.021,0,0,0.021
1646,1,0,2,0,7,0.101,0,0,0.101
1647,1,0,2,0,0,0.010,0,0,0.010
1648,0,0,1,0,0,0.000,0,0,0.000
1649,1,0,2,0,2,0.040,0,0,0.040
1650,1,0,2,0,1,0.025,0,0,0.025
1651,1,0,2,0,2,0.040,0,0,0.040
1652,1,0,2,0,4,0.061,0,0,0.061
1653,0,0,1,0,0,0.000,0,0,0.000
1654,1,0,2,0,1,0.025,0,0,0.025
1655,1,0,2,0,2,0.040,0,0,0.040
1656,1,0,2,0,0,0.010,0,0,0.010
1657,1,0,2,0,0,0.015,0,0,0.015
1658,1,0,2,0,7,0.088,0,0,0.088
1659,1,0,2,0,2,0.040,0,0,0.040
1660,1,0,2,0,0,0.015,0,0,0.015
1661,0,0,1,0,0,0.000,0,0,0.000
1662,0,0,1,0,0,0.000,0,0,0.000
1663,0,0,1,0,0,0.000,0,0,0.000
1664,1,0,2,0,2,0.044,0,0,0.044
1665,0,0,1,0,0,0.000,0,0,0.000
1666,1,0,2,0,0,0.010,0,0,0.010
1667,1,0,2,0,1,0.025,0,0,0.025
1668,5,2,4,5,35,0.107,2,0,0.166
1669,0,0,1,0,0,0.000,0,0,0.000
1670,1,0,2,0,0,0.010,0,0,0.010
1671,1,0,2,0,1,0.021,0,0,0.021
1672,5,2,4,4,8,0.040,2,0,0.056
1673,1,0,2,0,1,0.025,0,0,0.025
1674,1,0,2,0,0,0.010,0,0,0.010
1675,1,0,2,0,1,0.021,0,0,0.021
1676,0,0,1,0,0,0.000,0,0,0.000
1677,0,0,1,0,0,0.000,0,0,0.000
1678,0,0,1,0,0,0.000,0,0,0.000
1679,1,0,2,0,5,0.071,0,0,0.071
1680,1,0,2,0,4,0.056,0,0,0.056
1681,1,0,2,0,0,0.015,0,0,0.015
1682,1,0,2,0,0,0.010,0,0,0.010
1683,0,0,1,0,0,0.000,0,0,0.000
1684,1,0,2,0,0,0.015,0,0,0.015
1685,1,0,2,0,1,0.025,0,0,0.025
1686,1,0,2,0,0,0.010,0,0,0.010
1687,3,1,3,3,8,0.052,1,0,0.086
1688,1,0,2,0,2,0.036,0,0,0.036
1689,1,0,2,0,1,0.025,0,0,0.025
1690,1,0,2,0,0,0.010,0,0,0.010
1691,1,0,2,0,1,0.021,0,0,0.021
1692,1,0,2,0,7,0.096,0,0,0.096
1693,1,0,2,0,0,0.010,0,0,0.010
1694,1,0,2,0,1,0.021,0,0,0.021
1695,1,0,2,0,6,0.077,0,0,0.077
1696,1,0,2,0,2,0.031,0,0,0.031
1697,1,0,2,0,4,0.065,0,0,0.065
1698,1,0,2,0,0,0.010,0,0,0.010
1699,1,0,2,0,6,0.077,0,0,0.077
1700,1,0,2,0,1,0.029,0,0,0.029
1701,1,0,2,0,0,0.010,0,0,0.010
1702,0,0,1,0,0,0.000,0,0,0.000
1703,1,0,2,0,0,0.010,0,0,0.010
1704,1,0,2,0,0,0.015,0,0,0.015
1705,29,14,14,49,157,0.093,12,2,0.213
1706,1,0,2,0,0,0.010,0,0,0.010
1707,1,0,2,0,0,0.010,0,0,0.010
1708,1,0,2,0,0,0.010,0,0,0.010
1709,1,0,2,0,0,0.010,0,0,0.010
1710,1,0,2,0,0,0.010,0,0,0.010
1711,1,0,2,0,6,0.086,0,0,0.086
1712,1,0,2,0,0,0.010,0,0,0.010
1713,0,0,1,0,0,0.000,0,0,0.000
1714,1,0,2,0,5,0.071,0,0,0.071
1715,1,0,2,0,0,0.010,0,0,0.010
1716,1,0,2,0,2,0.036,0,0,0.036
1717,0,0,1,0,0,0.000,0,0,0.000
1718,1,0,2,0,0,0.015,0,0,0.015
1719,1,0,2,0,5,0.080,0,0,0.080
1720,1,0,2,0,0,0.010,0,0,0.010
1721,1,0,2,0,1,0.029,0,0,0.029
1722,1,0,2,0,1,0.025,0,0,0.025
1723,1,0,2,0,0,0.010,0,0,0.010
1724,1,0,2,0,2,0.036,0,0,0.036
1725,1,0,2,0,0,0.015,0,0,0.015
1726,0,0,1,0,0,0.000,0,0,0.000
1727,1,0,2,0,1,0.025,0,0,0.025
1728,1,0,2,0,0,0.010,0,0,0.010
1729,1,0,2,0,0,0.010,0,0,0.010
1730,1,0,2,0,19,0.234,0,0,0.234
1731,1,0,2,0,24,0.291,0,0,0.291
1732,1,0,2,0,4,0.061,0,0,0.061
1733,3,1,3,3,9,0.056,1,0,0.086
1734,1,0,2,0,3,0.046,0,0,0.046
1735,1,0,2,0,1,0.025,0,0,0.025
1736,1,0,2,0,1,0.021,0,0,0.021
1737,1,0,2,0,1,0.025,0,0,0.025
1738,1,0,2,0,0,0.010,0,0,0.010
1739,1,0,2,0,8,0.120,0,0,0.120
1740,1,0,2,0,6,0.082,0,0,0.082
1741,1,0,2,0,8,0.111,0,0,0.111
1742,1,0,2,0,1,0.025,0,0,0.025
1743,0,0,1,0,0,0.000,0,0,0.000
1744,0,0,1,0,0,0.000,0,0,0.000
1745,5,2,4,4,19,0.065,2,0,0.101
1746,1,0,2,0,0,0.010,0,0,0.010
1747,1,0,2,0,5,0.071,0,0,0.071
1748,1,0,2,0,4,0.065,0,0,0.065
1749,0,0,1,0,0,0.000,0,0,0.000
1750,1,0,2,0,0,0.010,0,0,0.010
1751,1,0,2,0,1,0.029,0,0,0.029
1752,1,0,2,0,0,0.015,0,0,0.015
1753,1,0,2,0,3,0.050,0,0,0.050
1754,1,0,2,0,7,0.105,0,0,0.105
1755,0,0,1,0,0,0.000,0,0,0.000
1756,1,0,2,0,5,0.075,0,0,0.075
1757,3,1,3,3,26,0.128,1,0,0.155
1758,1,0,2,0,2,0.036,0,0,0.036
1759,1,0,2,0,1,0.025,0,0,0.025
1760,1,0,2,0,0,0.010,0,0,0.010
1761,1,0,2,0,0,0.015,0,0,0.015
1762,1,0,2,0,0,0.015,0,0,0.015
1763,1,0,2,0,3,0.042,0,0,0.042
1764,1,0,2,0,1,0.025,0,0,0.025
1765,1,0,2,0,2,0.031,0,0,0.031
1766,0,0,1,0,0,0.000,0,0,0.000
1767,0,0,1,0,0,0.000,0,0,0.000
1768,1,0,2,0,4,0.065,0,0,0.065
1769,3,1,3,4,18,0.092,1,0,0.121
1770,0,0,1,0,0,0.000,0,0,0.000
1771,1,0,2,0,3,0.042,0,0,0.042
1772,5,2,4,7,33,0.105,2,0,0.161
1773,3,1,3,3,17,0.086,1,0,0.148
1774,1,0,2,0,2,0.044,0,0,0.044
1775,3,1,3,4,2,0.031,1,0,0.056
1776,0,0,1,0,0,0.000,0,0,0.000
1777,0,0,1,0,0,0.000,0,0,0.000
1778,1,0,2,0,1,0.021,0,0,0.021
1779,1,0,2,0,2,0.040,0,0,0.040
1780,1,0,2,0,0,0.010,0,0,0.010
1781,1,0,2,0,1,0.021,0,0,0.021
1782,1,0,2,0,0,0.015,0,0,0.015
1783,3,1,3,4,8,0.059,1,0,0.105
1784,1,0,2,0,0,0.015,0,0,0.015
1785,3,1,3,3,10,0.065,1,0,0.109
1786,1,0,2,0,1,0.025,0,0,0.025
1787,1,0,2,0,0,0.010,0,0,0.010
1788,1,0,2,0,1,0.029,0,0,0.029
1789,1,0,2,0,2,0.036,0,0,0.036
1790,1,0,2,0,20,0.249,0,0,0.249
1791,1,0,2,0,0,0.010,0,0,0.010
1792,1,0,2,0,0,0.015,0,0,0.015
1793,0,0,1,0,0,0.000,0,0,0.000
1794,1,0,2,0,0,0.010,0,0,0.010
1795,0,0,1,0,0,0.000,0,0,0.000
1796,0,0,1,0,0,0.000,0,0,0.000
1797,0,0,1,0,0,0.000,0,0,0.000
1798,1,0,2,0,0,0.010,0,0,0.010
1799,1,0,2,0,1,0.021,0,0,0.021
1800,1,0,2,0,0,0.010,0,0,0.010
1801,1,0,2,0,0,0.010,0,0,0.010
1802,0,0,1,0,0,0.000,0,0,0.000
1803,3,1,3,3,4,0.040,1,0,0.044
1804,0,0,1,0,0,0.000,0,0,0.000
1805,0,0,1,0,0,0.000,0,0,0.000
1806,0,0,1,0,0,0.000,0,0,0.000
1807,1,0,2,0,0,0.010,0,0,0.010
1808,1,0,2,0,2,0.040,0,0,0.040
1809,0,0,1,0,0,0.000,0,0,0.000
1810,1,0,2,0,7,0.088,0,0,0.088
1811,1,0,2,0,0,0.010,0,0,0.010
1812,0,0,1,0,0,0.000,0,0,0.000
1813,0,0,1,0,0,0.000,0,0,0.000
1814,5,2,4,2,15,0.049,2,0,0.096
1815,0,0,1,0,0,0.000,0,0,0.000
1816,1,0,2,0,3,0.055,0,0,0.055
1817,1,0,2,0,1,0.029,0,0,0.029
1818,1,0,2,0,5,0.080,0,0,0.080
1819,1,0,2,0,3,0.042,0,0,0.042
1820,1,0,2,0,2,0.036,0,0,0.036
1821,0,0,1,0,0,0.000,0,0,0.000
1822,1,0,2,0,2,0.031,0,0,0.031
1823,0,0,1,0,0,0.000,0,0,0.000
1824,1,0,2,0,1,0.021,0,0,0.021
1825,1,0,2,0,1,0.025,0,0,0.025
1826,1,0,2,0,0,0.015,0,0,0.015
1827,1,0,2,0,9,0.130,0,0,0.130
1828,1,0,2,0,9,0.121,0,0,0.121
1829,1,0,2,0,0,0.010,0,0,0.010
1830,1,0,2,0,0,0.010,0,0,0.010
1831,1,0,2,0,6,0.082,0,0,0.082
1832,1,0,2,0,0,0.015,0,0,0.015
1833,1,0,2,0,1,0.025,0,0,0.025
1834,1,0,2,0,0,0.015,0,0,0.015
1835,3,1,3,3,39,0.167,1,0,0.364
1836,1,0,2,0,5,0.062,0,0,0.062
1837,1,0,2,0,3,0.055,0,0,0.055
1838,1,0,2,0,4,0.052,0,0,0.052
1839,1,0,2,0,0,0.015,0,0,0.015
1840,1,0,2,0,0,0.015,0,0,0.015
1841,1,0,2,0,0,0.015,0,0,0.015
1842,1,0,2,0,0,0.010,0,0,0.010
1843,1,0,2,0,1,0.021,0,0,0.021
1844,1,0,2,0,4,0.056,0,0,0.056
1845,1,0,2,0,0,0.015,0,0,0.015
1846,18,8,9,30,67,0.073,5,3,0.181
1847,1,0,2,0,6,0.082,0,0,0.082
1848,1,0,2,0,0,0.010,0,0,0.010
1849,1,0,2,0,0,0.010,0,0,0.010
1850,1,0,2,0,3,0.046,0,0,0.046
1851,1,0,2,0,1,0.025,0,0,0.025
1852,1,0,2,0,15,0.193,0,0,0.193
1853,1,0,2,0,1,0.029,0,0,0.029
1854,0,0,1,0,0,0.000,0,0,0.000
1855,0,0,1,0,0,0.000,0,0,0.000
1856,1,0,2,0,0,0.015,0,0,0.015
1857,1,0,2,0,0,0.010,0,0,0.010
1858,1,0,2,0,5,0.071,0,0,0.071
1859,1,0,2,0,0,0.010,0,0,0.010
1860,1,0,2,0,0,0.010,0,0,0.010
1861,1,0,2,0,0,0.010,0,0,0.010
1862,1,0,2,0,0,0.010,0,0,0.010
1863,1,0,2,0,4,0.056,0,0,0.056
1864,1,0,2,0,4,0.061,0,0,0.061
1865,0,0,1,0,0,0.000,0,0,0.000
1866,1,0,2,0,2,0.036,0,0,0.036
1867,1,0,2,0,5,0.080,0,0,0.080
1868,1,0,2,0,1,0.025,0,0,0.025
1869,1,0,2,0,1,0.021,0,0,0.021
1870,1,0,2,0,0,0.010,0,0,0.010
1871,1,0,2,0,2,0.031,0,0,0.031
1872,0,0,1,0,0,0.000,0,0,0.000
1873,1,0,2,0,0,0.010,0,0,0.010
1874,1,0,2,0,0,0.010,0,0,0.010
1875,1,0,2,0,2,0.036,0,0,0.036
1876,1,0,2,0,1,0.025,0,0,0.025
1877,1,0,2,0,2,0.036,0,0,0.036
1878,0,0,1,0,0,0.000,0,0,0.000
1879,1,0,2,0,0,0.010,0,0,0.010
1880,12,5,8,21,104,0.137,4,1,0.428
1881,1,0,2,0,0,0.010,0,0,0.010
1882,1,0,2,0,0,0.015,0,0,0.015
1883,1,0,2,0,0,0.010,0,0,0.010
1884,1,0,2,0,3,0.055,0,0,0.055
1885,1,0,2,0,11,0.134,0,0,0.134
1886,7,3,4,11,39,0.090,2,1,0.175
1887,1,0,2,0,1,0.021,0,0,0.021
1888,1,0,2,0,2,0.040,0,0,0.040
1889,1,0,2,0,0,0.015,0,0,0.015
1890,1,0,2,0,0,0.010,0,0,0.010
1891,1,0,2,0,0,0.010,0,0,0.010
1892,1,0,2,0,0,0.010,0,0,0.010
1893,1,0,2,0,1,0.025,0,0,0.025
1894,1,0,2,0,1,0.021,0,0,0.021
1895,1,0,2,0,1,0.025,0,0,0.025
1896,0,0,1,0,0,0.000,0,0,0.000
1897,1,0,2,0,2,0.031,0,0,0.031
1898,1,0,2,0,28,0.358,0,0,0.358
1899,0,0,1,0,0,0.000,0,0,0.000
1900,1,0,2,0,0,0.010,0,0,0.010
1901,0,0,1,0,0,0.000,0,0,0.000
1902,1,0,2,0,0,0.010,0,0,0.010
1903,1,0,2,0,12,0.153,0,0,0.153
1904,1,0,2,0,0,0.015,0,0,0.015
1905,1,0,2,0,2,0.036,0,0,0.036
1906,1,0,2,0,2,0.040,0,0,0.040
1907,1,0,2,0,4,0.069,0,0,0.069
1908,3,1,3,4,30,0.138,1,0,0.332
1909,1,0,2,0,1,0.025,0,0,0.025
1910,1,0,2,0,2,0.031,0,0,0.031
1911,1,0,2,0,0,0.010,0,0,0.010
1912,19,9,10,27,158,0.128,8,1,0.421
1913,1,0,2,0,0,0.010,0,0,0.010
1914,1,0,2,0,0,0.010,0,0,0.010
1915,1,0,2,0,3,0.050,0,0,0.050
1916,0,0,1,0,0,0.000,0,0,0.000
1917,1,0,2,0,0,0.010,0,0,0.010
1918,4,1,4,7,9,0.062,0,1,0.118
1919,1,0,2,0,3,0.046,0,0,0.046
1920,1,0,2,0,0,0.015,0,0,0.015
1921,1,0,2,0,1,0.021,0,0,0.021
1922,1,0,2,0,1,0.021,0,0,0.021
1923,1,0,2,0,1,0.029,0,0,0.029
1924,0,0,1,0,0,0.000,0,0,0.000
1925,0,0,1,0,0,0.000,0,0,0.000
1926,1,0,2,0,5,0.071,0,0,0.071
1927,1,0,2,0,5,0.075,0,0,0.075
1928,1,0,2,0,0,0.010,0,0,0.010
1929,1,0,2,0,2,0.036,0,0,0.036
1930,3,1,3,3,8,0.054,1,0,0.075
1931,1,0,2,0,3,0.042,0,0,0.042
1932,1,0,2,0,0,0.010,0,0,0.010
1933,1,0,2,0,3,0.046,0,0,0.046
1934,1,0,2,0,1,0.021,0,0,0.021
1935,1,0,2,0,3,0.050,0,0,0.050
1936,1,0,2,0,1,0.025,0,0,0.025
1937,1,0,2,0,1,0.025,0,0,0.025
1938,0,0,1,0,0,0.000,0,0,0.000
1939,1,0,2,0,0,0.015,0,0,0.015
1940,1,0,2,0,15,0.171,0,0,0.171
1941,1,0,2,0,3,0.055,0,0,0.055
1942,0,0,1,0,0,0.000,0,0,0.000
1943,1,0,2,0,3,0.050,0,0,0.050
1944,1,0,2,0,0,0.010,0,0,0.010
1945,0,0,1,0,0,0.000,0,0,0.000
1946,1,0,2,0,2,0.040,0,0,0.040
1947,1,0,2,0,2,0.036,0,0,0.036
1948,1,0,2,0,2,0.031,0,0,0.031
1949,1,0,2,0,3,0.050,0,0,0.050
1950,1,0,2,0,0,0.010,0,0,0.010
1951,1,0,2,0,1,0.021,0,0,0.021
1952,1,0,2,0,8,0.120,0,0,0.120
1953,3,1,3,1,8,0.048,1,0,0.105
1954,1,0,2,0,2,0.040,0,0,0.040
1955,1,0,2,0,6,0.094,0,0,0.094
1956,1,0,2,0,1,0.025,0,0,0.025
1957,1,0,2,0,2,0.036,0,0,0.036
1958,1,0,2,0,4,0.056,0,0,0.056
1959,1,0,2,0,6,0.090,0,0,0.090
1960,1,0,2,0,3,0.050,0,0,0.050
1961,1,0,2,0,1,0.025,0,0,0.025
1962,0,0,1,0,0,0.000,0,0,0.000
1963,1,0,2,0,2,0.040,0,0,0.040
1964,1,0,2,0,0,0.015,0,0,0.015
1965,0,0,1,0,0,0.000,0,0,0.000
1966,1,0,2,0,0,0.015,0,0,0.015
1967,0,0,1,0,0,0.000,0,0,0.000
1968,1,0,2,0,1,0.025,0,0,0.025
1969,1,0,2,0,1,0.025,0,0,0.025
1970,1,0,2,0,3,0.055,0,0,0.055
1971,0,0,1,0,0,0.000,0,0,0.000
1972,0,0,1,0,0,0.000,0,0,0.000
1973,1,0,2,0,0,0.010,0,0,0.010
1974,1,0,2,0,0,0.010,0,0,0.010
1975,1,0,2,0,2,0.036,0,0,0.036
1976,1,0,2,0,0,0.010,0,0,0.010
1977,0,0,1,0,0,0.000,0,0,0.000
1978,1,0,2,0,0,0.010,0,0,0.010
1979,1,0,2,0,0,0.010,0,0,0.010
1980,1,0,2,0,1,0.025,0,0,0.025
1981,1,0,2,0,1,0.021,0,0,0.021
1982,0,0,1,0,0,0.000,0,0,0.000
1983,1,0,2,0,0,0.015,0,0,0.015
1984,0,0,1,0,0,0.000,0,0,0.000
1985,1,0,2,0,3,0.055,0,0,0.055
1986,5,2,4,7,28,0.096,2,0,0.342
1987,0,0,1,0,0,0.000,0,0,0.000
1988,1,0,2,0,9,0.113,0,0,0.113
1989,1,0,2,0,0,0.010,0,0,0.010
1990,1,0,2,0,0,0.010,0,0,0.010
1991,0,0,1,0,0,0.000,0,0,0.000
1992,1,0,2,0,0,0.010,0,0,0.010
1993,1,0,2,0,0,0.010,0,0,0.010
1994,1,0,2,0,0,0.010,0,0,0.010
1995,1,0,2,0,0,0.010,0,0,0.010
1996,1,0,2,0,0,0.010,0,0,0.010
1997,1,0,2,0,0,0.015,0,0,0.015
1998,3,1,3,4,12,0.069,1,0,0.147
1999,1,0,2,0,0,0.010,0,0,0.010
2000,0,0,1,0,0,0.000,0,0,0.000
2001,1,0,2,0,0,0.010,0,0,0.010
2002,3,1,3,4,19,0.103,1,0,0.174
2003,1,0,2,0,0,0.010,0,0,0.010
2004,1,0,2,0,0,0.010,0,0,0.010
2005,1,0,2,0,1,0.021,0,0,0.021
2006,1,0,2,0,2,0.031,0,0,0.031
2007,1,0,2,0,0,0.010,0,0,0.010
2008,1,0,2,0,0,0.010,0,0,0.010
2009,0,0,1,0,0,0.000,0,0,0.000
2010,0,0,1,0,0,0.000,0,0,0.000
2011,0,0,1,0,0,0.000,0,0,0.000
2012,0,0,1,0,0,0.000,0,0,0.000
2013,1,0,2,0,5,0.080,0,0,0.080
2014,1,0,2,0,3,0.046,0,0,0.046
2015,1,0,2,0,0,0.010,0,0,0.010
2016,1,0,2,0,0,0.010,0,0,0.010
2017,0,0,1,0,0,0.000,0,0,0.000
2018,0,0,1,0,0,0.000,0,0,0.000
2019,1,0,2,0,3,0.046,0,0,0.046
2020,1,0,2,0,0,0.015,0,0,0.015
2021,0,0,1,0,0,0.000,0,0,0.000
2022,1,0,2,0,2,0.036,0,0,0.036
2023,4,2,2,5,16,0.070,2,0,0.128
2024,1,0,2,0,0,0.010,0,0,0.010
2025,1,0,2,0,2,0.031,0,0,0.031
2026,0,0,1,0,0,0.000,0,0,0.000
2027,1,0,2,0,4,0.069,0,0,0.069
2028,1,0,2,0,0,0.015,0,0,0.015
2029,1,0,2,0,4,0.069,0,0,0.069
2030,0,0,1,0,0,0.000,0,0,0.000
2031,4,1,4,5,10,0.057,0,1,0.086
2032,1,0,2,0,2,0.031,0,0,0.031
2033,1,0,2,0,0,0.010,0,0,0.010
2034,1,0,2,0,0,0.010,0,0,0.010
2035,1,0,2,0,2,0.040,0,0,0.040
2036,1,0,2,0,0,0.010,0,0,0.010
2037,1,0,2,0,0,0.015,0,0,0.015
2038,1,0,2,0,3,0.050,0,0,0.050
2039,1,0,2,0,0,0.010,0,0,0.010
2040,0,0,1,0,0,0.000,0,0,0.000
2041,1,0,2,0,2,0.036,0,0,0.036
2042,1,0,2,0,0,0.010,0,0,0.010
2043,1,0,2,0,8,0.124,0,0,0.124
2044,1,0,2,0,0,0.010,0,0,0.010
2045,1,0,2,0,0,0.010,0,0,0.010
2046,1,0,2,0,2,0.031,0,0,0.031
2047,1,0,2,0,6,0.082,0,0,0.082
2048,5,2,4,8,45,0.138,2,0,0.239
2049,1,0,2,0,1,0.025,0,0,0.025
2050,1,0,2,0,0,0.015,0,0,0.015
2051,0,0,1,0,0,0.000,0,0,0.000
2052,0,0,1,0,0,0.000,0,0,0.000
2053,1,0,2,0,0,0.015,0,0,0.015
2054,1,0,2,0,2,0.040,0,0,0.040
2055,3,1,3,4,16,0.089,1,0,0.161
2056,1,0,2,0,3,0.050,0,0,0.050
2057,1,0,2,0,9,0.126,0,0,0.126
2058,1,0,2,0,3,0.050,0,0,0.050
2059,14,7,7,20,126,0.133,7,0,0.475
2060,1,0,2,0,15,0.205,0,0,0.205
2061,1,0,2,0,0,0.010,0,0,0.010
2062,1,0,2,0,0,0.010,0,0,0.010
2063,1,0,2,0,1,0.025,0,0,0.025
2064,0,0,1,0,0,0.000,0,0,0.000
2065,1,0,2,0,0,0.010,0,0,0.010
2066,1,0,2,0,0,0.015,0,0,0.015
2067,1,0,2,0,0,0.010,0,0,0.010
2068,1,0,2,0,1,0.029,0,0,0.029
2069,0,0,1,0,0,0.000,0,0,0.000
2070,1,0,2,0,0,0.015,0,0,0.015
2071,1,0,2,0,6,0.082,0,0,0.082
2072,0,0,1,0,0,0.000,0,0,0.000
2073,1,0,2,0,1,0.021,0,0,0.021
2074,1,0,2,0,2,0.040,0,0,0.040
2075,1,0,2,0,15,0.193,0,0,0.193
2076,1,0,2,0,1,0.021,0,0,0.021
2077,1,0,2,0,4,0.052,0,0,0.052
2078,0,0,1,0,0,0.000,0,0,0.000
2079,1,0,2,0,4,0.061,0,0,0.061
2080,0,0,1,0,0,0.000,0,0,0.000
2081,1,0,2,0,4,0.056,0,0,0.056
2082,1,0,2,0,2,0.040,0,0,0.040
2083,1,0,2,0,1,0.025,0,0,0.025
2084,1,0,2,0,0,0.015,0,0,0.015
2085,1,0,2,0,0,0.015,0,0,0.015
2086,1,0,2,0,0,0.010,0,0,0.010
2087,1,0,2,0,0,0.015,0,0,0.015
2088,0,0,1,0,0,0.000,0,0,0.000
2089,0,0,1,0,0,0.000,0,0,0.000
2090,1,0,2,0,1,0.025,0,0,0.025
2091,1,0,2,0,0,0.010,0,0,0.010
2092,0,0,1,0,0,0.000,0,0,0.000
2093,1,0,2,0,5,0.071,0,0,0.071
2094,0,0,1,0,0,0.000,0,0,0.000
2095,0,0,1,0,0,0.000,0,0,0.000
2096,1,0,2,0,6,0.077,0,0,0.077
2097,1,0,2,0,0,0.010,0,0,0.010
2098,1,0,2,0,3,0.050,0,0,0.050
2099,1,0,2,0,13,0.167,0,0,0.167
2100,1,0,2,0,6,0.086,0,0,0.086
2101,3,1,2,6,13,0.087,0,1,0.126
2102,0,0,1,0,0,0.000,0,0,0.000
2103,1,0,2,0,2,0.036,0,0,0.036
2104,10,4,7,15,69,0.107,3,1,0.249
2105,1,0,2,0,10,0.128,0,0,0.128
2106,1,0,2,0,0,0.010,0,0,0.010
2107,1,0,2,0,0,0.015,0,0,0.015
2108,0,0,1,0,0,0.000,0,0,0.000
2109,0,0,1,0,0,0.000,0,0,0.000
2110,0,0,1,0,0,0.000,0,0,0.000
2111,1,0,2,0,1,0.025,0,0,0.025
2112,1,0,2,0,3,0.050,0,0,0.050
2113,1,0,2,0,13,0.172,0,0,0.172
2114,1,0,2,0,5,0.075,0,0,0.075
2115,8,4,4,12,26,0.064,4,0,0.178
2116,1,0,2,0,0,0.010,0,0,0.010
2117,0,0,1,0,0,0.000,0,0,0.000
2118,1,0,2,0,0,0.010,0,0,0.010
2119,1,0,2,0,0,0.010,0,0,0.010
2120,0,0,1,0,0,0.000,0,0,0.000
2121,1,0,2,0,1,0.025,0,0,0.025
2122,1,0,2,0,2,0.036,0,0,0.036
2123,1,0,2,0,4,0.065,0,0,0.065
2124,1,0,2,0,7,0.096,0,0,0.096
2125,1,0,2,0,0,0.010,0,0,0.010
2126,1,0,2,0,6,0.090,0,0,0.090
2127,1,0,2,0,5,0.075,0,0,0.075
2128,1,0,2,0,0,0.015,0,0,0.015
2129,3,1,3,1,12,0.062,1,0,0.121
2130,1,0,2,0,6,0.086,0,0,0.086
2131,1,0,2,0,0,0.010,0,0,0.010
2132,5,2,3,11,40,0.126,1,1,0.274
2133,0,0,1,0,0,0.000,0,0,0.000
2134,1,0,2,0,0,0.010,0,0,0.010
2135,0,0,1,0,0,0.000,0,0,0.000
2136,1,0,2,0,1,0.025,0,0,0.025
2137,1,0,2,0,2,0.031,0,0,0.031
2138,1,0,2,0,1,0.021,0,0,0.021
2139,3,1,3,1,7,0.042,1,0,0.061
2140,1,0,2,0,3,0.050,0,0,0.050
2141,1,0,2,0,2,0.036,0,0,0.036
2142,1,0,2,0,0,0.015,0,0,0.015
2143,1,0,2,0,0,0.015,0,0,0.015
2144,1,0,2,0,2,0.031,0,0,0.031
2145,1,0,2,0,0,0.010,0,0,0.010
2146,1,0,2,0,9,0.117,0,0,0.117
2147,1,0,2,0,16,0.199,0,0,0.199
2148,1,0,2,0,3,0.046,0,0,0.046
2149,1,0,2,0,0,0.015,0,0,0.015
2150,1,0,2,0,0,0.015,0,0,0.015
2151,1,0,2,0,2,0.036,0,0,0.036
2152,1,0,2,0,3,0.046,0,0,0.046
2153,1,0,2,0,0,0.015,0,0,0.015
2154,0,0,1,0,0,0.000,0,0,0.000
2155,1,0,2,0,1,0.025,0,0,0.025
2156,0,0,1,0,0,0.000,0,0,0.000
2157,1,0,2,0,0,0.010,0,0,0.010
2158,0,0,1,0,0,0.000,0,0,0.000
2159,1,0,2,0,0,0.010,0,0,0.010
2160,1,0,2,0,0,0.010,0,0,0.010
2161,1,0,2,0,1,0.025,0,0,0.025
2162,0,0,1,0,0,0.000,0,0,0.000
2163,1,0,2,0,2,0.036,0,0,0.036
2164,0,0,1,0,0,0.000,0,0,0.000
2165,3,1,3,4,15,0.081,1,0,0.142
2166,1,0,2,0,3,0.050,0,0,0.050
2167,1,0,2,0,0,0.010,0,0,0.010
2168,1,0,2,0,7,0.101,0,0,0.101
2169,1,0,2,0,0,0.010,0,0,0.010
2170,1,0,2,0,2,0.031,0,0,0.031
2171,3,1,2,2,4,0.027,0,1,0.050
2172,1,0,2,0,6,0.077,0,0,0.077
2173,1,0,2,0,11,0.138,0,0,0.138
2174,0,0,1,0,0,0.000,0,0,0.000
2175,1,0,2,0,2,0.036,0,0,0.036
2176,1,0,2,0,0,0.010,0,0,0.010
2177,1,0,2,0,0,0.015,0,0,0.015
2178,1,0,2,0,3,0.042,0,0,0.042
2179,0,0,1,0,0,0.000,0,0,0.000
2180,1,0,2,0,0,0.010,0,0,0.010
2181,1,0,2,0,2,0.036,0,0,0.036
2182,0,0,1,0,0,0.000,0,0,0.000
2183,0,0,1,0,0,0.000,0,0,0.000
2184,1,0,2,0,0,0.010,0,0,0.010
2185,1,0,2,0,1,0.021,0,0,0.021
2186,1,0,2,0,0,0.015,0,0,0.015
2187,1,0,2,0,6,0.077,0,0,0.077
2188,1,0,2,0,1,0.021,0,0,0.021
2189,1,0,2,0,0,0.010,0,0,0.010
2190,1,0,2,0,3,0.046,0,0,0.046
2191,1,0,2,0,1,0.021,0,0,0.021
2192,1,0,2,0,4,0.061,0,0,0.061
2193,1,0,2,0,6,0.086,0,0,0.086
2194,1,0,2,0,0,0.010,0,0,0.010
2195,1,0,2,0,36,0.454,0,0,0.454
2196,3,1,3,3,12,0.071,1,0,0.176
2197,1,0,2,0,2,0.044,0,0,0.044
2198,1,0,2,0,15,0.193,0,0,0.193
2199,1,0,2,0,1,0.021,0,0,0.021
2200,1,0,2,0,1,0.021,0,0,0.021
2201,1,0,2,0,5,0.075,0,0,0.075
2202,1,0,2,0,2,0.036,0,0,0.036
2203,1,0,2,0,1,0.025,0,0,0.025
2204,1,0,2,0,8,0.107,0,0,0.107
2205,1,0,2,0,0,0.015,0,0,0.015
2206,1,0,2,0,11,0.142,0,0,0.142
2207,0,0,1,0,0,0.000,0,0,0.000
2208,1,0,2,0,1,0.025,0,0,0.025
2209,1,0,2,0,16,0.199,0,0,0.199
2210,1,0,2,0,1,0.021,0,0,0.021
2211,1,0,2,0,1,0.021,0,0,0.021
2212,1,0,2,0,0,0.010,0,0,0.010
2213,1,0,2,0,0,0.015,0,0,0.015
2214,1,0,2,0,13,0.167,0,0,0.167
2215,3,1,3,4,22,0.107,1,0,0.174
2216,0,0,1,0,0,0.000,0,0,0.000
2217,0,0,1,0,0,0.000,0,0,0.000
2218,0,0,1,0,0,0.000,0,0,0.000
2219,3,1,3,3,27,0.130,1,0,0.241
2220,0,0,1,0,0,0.000,0,0,0.000
2221,1,0,2,0,2,0.040,0,0,0.040
2222,1,0,2,0,5,0.067,0,0,0.067
2223,1,0,2,0,0,0.015,0,0,0.015
2224,3,1,2,2,5,0.032,0,1,0.061
2225,1,0,2,0,2,0.036,0,0,0.036
2226,1,0,2,0,3,0.050,0,0,0.050
2227,0,0,1,0,0,0.000,0,0,0.000
2228,1,0,2,0,3,0.050,0,0,0.050
2229,1,0,2,0,4,0.065,0,0,0.065
2230,1,0,2,0,1,0.025,0,0,0.025
2231,0,0,1,0,0,0.000,0,0,0.000
2232,1,0,2,0,2,0.031,0,0,0.031
2233,1,0,2,0,1,0.021,0,0,0.021
2234,1,0,2,0,0,0.010,0,0,0.010
2235,1,0,2,0,0,0.010,0,0,0.010
2236,1,0,2,0,8,0.107,0,0,0.107
2237,0,0,1,0,0,0.000,0,0,0.000
2238,1,0,2,0,2,0.031,0,0,0.031
2239,1,0,2,0,5,0.075,0,0,0.075
2240,1,0,2,0,0,0.010,0,0,0.010
2241,1,0,2,0,1,0.021,0,0,0.021
2242,1,0,2,0,0,0.010,0,0,0.010
2243,0,0,1,0,0,0.000,0,0,0.000
2244,1,0,2,0,2,0.040,0,0,0.040
2245,1,0,2,0,2,0.036,0,0,0.036
2246,1,0,2,0,0,0.010,0,0,0.010
2247,1,0,2,0,1,0.025,0,0,0.025
2248,1,0,2,0,0,0.010,0,0,0.010
2249,8,3,4,15,28,0.076,1,1,0.163
2250,1,0,2,0,4,0.056,0,0,0.056
2251,1,0,2,0,0,0.015,0,0,0.015
2252,1,0,2,0,9,0.121,0,0,0.121
2253,0,0,1,0,0,0.000,0,0,0.000
2254,1,0,2,0,0,0.015,0,0,0.015
2255,1,0,2,0,7,0.101,0,0,0.101
2256,0,0,1,0,0,0.000,0,0,0.000
2257,1,0,2,0,0,0.015,0,0,0.015
2258,1,0,2,0,2,0.036,0,0,0.036
2259,1,0,2,0,9,0.117,0,0,0.117
2260,1,0,2,0,2,0.036,0,0,0.036
2261,1,0,2,0,9,0.134,0,0,0.134
2262,0,0,1,0,0,0.000,0,0,0.000
2263,1,0,2,0,4,0.052,0,0,0.052
2264,1,0,2,0,8,0.098,0,0,0.098
2265,0,0,1,0,0,0.000,0,0,0.000
2266,1,0,2,0,0,0.010,0,0,0.010
2267,1,0,2,0,0,0.015,0,0,0.015
2268,1,0,2,0,1,0.029,0,0,0.029
2269,1,0,2,0,1,0.021,0,0,0.021
2270,1,0,2,0,0,0.010,0,0,0.010
2271,3,1,3,4,7,0.054,1,0,0.065
2272,4,2,2,12,30,0.130,0,1,0.260
2273,1,0,2,0,9,0.121,0,0,0.121
2274,1,0,2,0,1,0.025,0,0,0.025
2275,1,0,2,0,0,0.010,0,0,0.010
2276,1,0,2,0,3,0.046,0,0,0.046
2277,1,0,2,0,0,0.010,0,0,0.010
2278,1,0,2,0,0,0.010,0,0,0.010
2279,0,0,1,0,0,0.000,0,0,0.000
2280,3,1,3,4,17,0.091,1,0,0.172
2281,1,0,2,0,4,0.056,0,0,0.056
2282,1,0,2,0,8,0.102,0,0,0.102
2283,6,2,4,9,13,0.053,1,0,0.098
2284,1,0,2,0,0,0.010,0,0,0.010
2285,1,0,2,0,1,0.025,0,0,0.025
2286,0,0,1,0,0,0.000,0,0,0.000
2287,1,0,2,0,1,0.021,0,0,0.021
2288,1,0,2,0,3,0.046,0,0,0.046
2289,1,0,2,0,2,0.040,0,0,0.040
2290,0,0,1,0,0,0.000,0,0,0.000
2291,0,0,1,0,0,0.000,0,0,0.000
2292,1,0,2,0,1,0.025,0,0,0.025
2293,1,0,2,0,0,0.010,0,0,0.010
2294,1,0,2,0,0,0.010,0,0,0.010
2295,1,0,2,0,0,0.010,0,0,0.010
2296,1,0,2,0,1,0.021,0,0,0.021
2297,1,0,2,0,1,0.021,0,0,0.021
2298,1,0,2,0,2,0.036,0,0,0.036
2299,1,0,2,0,0,0.010,0,0,0.010
2300,1,0,2,0,1,0.025,0,0,0.025
2301,1,0,2,0,0,0.010,0,0,0.010
2302,1,0,2,0,3,0.046,0,0,0.046
2303,1,0,2,0,0,0.015,0,0,0.015
2304,0,0,1,0,0,0.000,0,0,0.000
2305,0,0,1,0,0,0.000,0,0,0.000
2306,1,0,2,0,0,0.015,0,0,0.015
2307,1,0,2,0,0,0.010,0,0,0.010
2308,0,0,1,0,0,0.000,0,0,0.000
2309,1,0,2,0,1,0.021,0,0,0.021
2310,1,0,2,0,0,0.010,0,0,0.010
2311,3,1,3,4,11,0.065,1,0,0.092
2312,0,0,1,0,0,0.000,0,0,0.000
2313,0,0,1,0,0,0.000,0,0,0.000
2314,0,0,1,0,0,0.000,0,0,0.000
2315,1,0,2,0,0,0.010,0,0,0.010
2316,1,0,2,0,5,0.075,0,0,0.075
2317,1,0,2,0,2,0.040,0,0,0.040
2318,1,0,2,0,2,0.040,0,0,0.040
2319,0,0,1,0,0,0.000,0,0,0.000
2320,0,0,1,0,0,0.000,0,0,0.000
2321,1,0,2,0,4,0.056,0,0,0.056
2322,1,0,2,0,0,0.010,0,0,0.010
2323,1,0,2,0,0,0.015,0,0,0.015
2324,0,0,1,0,0,0.000,0,0,0.000
2325,1,0,2,0,0,0.010,0,0,0.010
2326,0,0,1,0,0,0.000,0,0,0.000
2327,1,0,2,0,3,0.050,0,0,0.050
2328,1,0,2,0,0,0.010,0,0,0.010
2329,1,0,2,0,2,0.040,0,0,0.040
2330,0,0,1,0,0,0.000,0,0,0.000
2331,1,0,2,0,0,0.015,0,0,0.015
2332,1,0,2,0,1,0.025,0,0,0.025
2333,0,0,1,0,0,0.000,0,0,0.000
2334,1,0,2,0,0,0.010,0,0,0.010
2335,5,2,3,9,27,0.091,1,1,0.195
2336,1,0,2,0,0,0.010,0,0,0.010
2337,3,1,3,3,6,0.047,1,0,0.080
2338,1,0,2,0,2,0.031,0,0,0.031
2339,1,0,2,0,1,0.025,0,0,0.025
2340,1,0,2,0,2,0.040,0,0,0.040
2341,1,0,2,0,1,0.021,0,0,0.021
2342,0,0,1,0,0,0.000,0,0,0.000
2343,1,0,2,0,4,0.061,0,0,0.061
2344,1,0,2,0,1,0.025,0,0,0.025
2345,1,0,2,0,2,0.044,0,0,0.044
2346,0,0,1,0,0,0.000,0,0,0.000
2347,3,1,3,3,7,0.053,1,0,0.105
2348,1,0,2,0,3,0.050,0,0,0.050
2349,1,0,2,0,3,0.059,0,0,0.059
2350,1,0,2,0,1,0.025,0,0,0.025
2351,1,0,2,0,0,0.015,0,0,0.015
2352,1,0,2,0,1,0.025,0,0,0.025
2353,1,0,2,0,0,0.015,0,0,0.015
2354,1,0,2,0,0,0.010,0,0,0.010
2355,1,0,2,0,0,0.015,0,0,0.015
2356,1,0,2,0,0,0.010,0,0,0.010
2357,4,2,2,4,18,0.074,2,0,0.090
2358,1,0,2,0,3,0.050,0,0,0.050
2359,1,0,2,0,1,0.025,0,0,0.025
2360,7,3,4,8,107,0.213,2,1,0.574
2361,1,0,2,0,4,0.061,0,0,0.061
2362,3,1,2,2,2,0.022,0,1,0.029
2363,1,0,2,0,0,0.010,0,0,0.010
2364,1,0,2,0,0,0.010,0,0,0.010
2365,1,0,2,0,6,0.090,0,0,0.090
2366,1,0,2,0,0,0.015,0,0,0.015
2367,1,0,2,0,1,0.025,0,0,0.025
2368,1,0,2,0,0,0.015,0,0,0.015
2369,1,0,2,0,1,0.025,0,0,0.025
2370,1,0,2,0,4,0.056,0,0,0.056
2371,1,0,2,0,2,0.040,0,0,0.040
2372,1,0,2,0,8,0.124,0,0,0.124
2373,1,0,2,0,0,0.010,0,0,0.010
2374,1,0,2,0,0,0.015,0,0,0.015
2375,1,0,2,0,0,0.010,0,0,0.010
2376,1,0,2,0,0,0.010,0,0,0.010
2377,1,0,2,0,0,0.015,0,0,0.015
2378,1,0,2,0,1,0.021,0,0,0.021
2379,0,0,1,0,0,0.000,0,0,0.000
2380,1,0,2,0,16,0.203,0,0,0.203
2381,1,0,2,0,3,0.055,0,0,0.055
2382,1,0,2,0,0,0.010,0,0,0.010
2383,1,0,2,0,0,0.010,0,0,0.010
2384,1,0,2,0,2,0.040,0,0,0.040
2385,1,0,2,0,4,0.065,0,0,0.065
2386,1,0,2,0,1,0.021,0,0,0.021
2387,5,2,4,5,19,0.067,2,0,0.094
2388,1,0,2,0,3,0.046,0,0,0.046
2389,1,0,2,0,2,0.031,0,0,0.031
2390,1,0,2,0,1,0.021,0,0,0.021
2391,1,0,2,0,1,0.025,0,0,0.025
2392,0,0,1,0,0,0.000,0,0,0.000
2393,1,0,2,0,0,0.010,0,0,0.010
2394,0,0,1,0,0,0.000,0,0,0.000
2395,1,0,2,0,2,0.036,0,0,0.036
2396,1,0,2,0,4,0.061,0,0,0.061
2397,1,0,2,0,2,0.036,0,0,0.036
2398,1,0,2,0,0,0.010,0,0,0.010
2399,0,0,1,0,0,0.000,0,0,0.000
2400,1,0,2,0,1,0.021,0,0,0.021
2401,1,0,2,0,9,0.121,0,0,0.121
2402,0,0,1,0,0,0.000,0,0,0.000
2403,1,0,2,0,1,0.021,0,0,0.021
2404,1,0,2,0,0,0.015,0,0,0.015
2405,1,0,2,0,0,0.010,0,0,0.010
2406,1,0,2,0,0,0.010,0,0,0.010
2407,1,0,2,0,0,0.010,0,0,0.010
2408,1,0,2,0,11,0.151,0,0,0.151
2409,1,0,2,0,2,0.040,0,0,0.040
2410,1,0,2,0,21,0.277,0,0,0.277
2411,1,0,2,0,2,0.036,0,0,0.036
2412,1,0,2,0,3,0.055,0,0,0.055
2413,1,0,2,0,0,0.015,0,0,0.015
2414,0,0,1,0,0,0.000,0,0,0.000
2415,1,0,2,0,5,0.075,0,0,0.075
2416,1,0,2,0,2,0.031,0,0,0.031
2417,1,0,2,0,1,0.025,0,0,0.025
2418,1,0,2,0,1,0.025,0,0,0.025
2419,0,0,1,0,0,0.000,0,0,0.000
2420,1,0,2,0,6,0.082,0,0,0.082
2421,1,0,2,0,4,0.061,0,0,0.061
2422,1,0,2,0,2,0.044,0,0,0.044
2423,1,0,2,0,2,0.036,0,0,0.036
2424,0,0,1,0,0,0.000,0,0,0.000
2425,0,0,1,0,0,0.000,0,0,0.000
2426,1,0,2,0,3,0.050,0,0,0.050
2427,1,0,2,0,2,0.036,0,0,0.036
2428,0,0,1,0,0,0.000,0,0,0.000
2429,1,0,2,0,2,0.044,0,0,0.044
2430,1,0,2,0,2,0.036,0,0,0.036
2431,1,0,2,0,9,0.117,0,0,0.117
2432,1,0,2,0,0,0.010,0,0,0.010
2433,0,0,1,0,0,0.000,0,0,0.000
2434,1,0,2,0,3,0.046,0,0,0.046
2435,1,0,2,0,0,0.015,0,0,0.015
2436,1,0,2,0,2,0.031,0,0,0.031
2437,1,0,2,0,2,0.040,0,0,0.040
2438,1,0,2,0,0,0.010,0,0,0.010
2439,1,0,2,0,2,0.040,0,0,0.040
2440,3,1,3,5,13,0.082,1,0,0.132
2441,1,0,2,0,6,0.090,0,0,0.090
2442,1,0,2,0,4,0.065,0,0,0.065
2443,3,1,3,4,30,0.142,1,0,0.311
2444,1,0,2,0,1,0.025,0,0,0.025
2445,0,0,1,0,0,0.000,0,0,0.000
2446,0,0,1,0,0,0.000,0,0,0.000
2447,3,1,2,2,13,0.063,0,1,0.147
2448,1,0,2,0,0,0.015,0,0,0.015
2449,1,0,2,0,0,0.010,0,0,0.010
2450,1,0,2,0,8,0.102,0,0,0.102
2451,0,0,1,0,0,0.000,0,0,0.000
2452,1,0,2,0,1,0.021,0,0,0.021
2453,1,0,2,0,25,0.331,0,0,0.331
2454,1,0,2,0,1,0.021,0,0,0.021
2455,0,0,1,0,0,0.000,0,0,0.000
2456,0,0,1,0,0,0.000,0,0,0.000
2457,1,0,2,0,4,0.052,0,0,0.052
2458,0,0,1,0,0,0.000,0,0,0.000
2459,0,0,1,0,0,0.000,0,0,0.000
2460,1,0,2,0,0,0.010,0,0,0.010
2461,0,0,1,0,0,0.000,0,0,0.000
2462,1,0,2,0,1,0.029,0,0,0.029
2463,1,0,2,0,0,0.010,0,0,0.010
2464,1,0,2,0,9,0.117,0,0,0.117
2465,1,0,2,0,6,0.073,0,0,0.073
2466,1,0,2,0,2,0.040,0,0,0.040
2467,1,0,2,0,0,0.010,0,0,0.010
2468,0,0,1,0,0,0.000,0,0,0.000
2469,1,0,2,0,6,0.077,0,0,0.077
2470,1,0,2,0,1,0.025,0,0,0.025
2471,0,0,1,0,0,0.000,0,0,0.000
2472,1,0,2,0,1,0.029,0,0,0.029
2473,1,0,2,0,2,0.036,0,0,0.036
2474,1,0,2,0,0,0.015,0,0,0.015
2475,1,0,2,0,3,0.046,0,0,0.046
2476,1,0,2,0,4,0.069,0,0,0.069
2477,1,0,2,0,6,0.082,0,0,0.082
2478,0,0,1,0,0,0.000,0,0,0.000
2479,0,0,1,0,0,0.000,0,0,0.000
2480,1,0,2,0,1,0.029,0,0,0.029
2481,1,0,2,0,1,0.025,0,0,0.025
2482,0,0,1,0,0,0.000,0,0,0.000
